,V1,V2,V3,V4,V5
0,0.00028459622566188173,0.02310641027950143,-0.07955655175662804,0.08934853671444971,-0.0036187764482058056
1,-0.04736235119603858,0.016222681600839037,-0.1153108999327318,-0.048202785026255204,-0.1295512561316946
2,-0.06749066055506635,-0.11592940267321852,-0.10790667645048335,-0.0569532745606739,-0.0165540112226717
3,0.0024856569003143484,-0.029464462361025158,0.015702591814342637,-0.06107198131978477,0.03527177306924636
4,0.06606352401390346,-0.021625369886539805,-0.1668833436270098,-0.042697172668643396,-0.02463987546273784
5,-0.0005629085691869929,0.019033030661533282,-0.07093306131590654,0.02066501098545521,-0.07438147359344308
6,-0.01662546965074532,0.06168589100011281,0.012838533195589544,-0.09525751661947279,0.024951284995611295
7,-0.09911327055594006,0.012299818764286152,0.044126186367406145,0.049798367429596244,-0.0543586560278636
8,-0.00424673180427817,0.09028916796250047,0.1404031626723969,-0.015022781345165338,0.018302747225076434
9,0.04162580528975071,-0.019302597938994557,-0.01809328008949014,0.04563802322425384,-0.04255264915835211
10,-0.022623642611928466,0.04144528580254261,0.16592863068002806,0.016955341378165525,0.015957078675389327
11,0.07215105503198564,-0.016108070015133643,0.026080644618721914,-0.013751916325260231,0.02773252807207935
12,0.03673719392670116,0.040583316414513036,0.11438688468935096,0.014244615339238844,0.09957882182452876
13,-0.06681537247627911,-0.08624279603958822,-0.12060560512243962,-0.032938761451097365,-0.03903523095674048
14,-0.06898208982967964,0.07150352314701243,0.024022909180592245,-0.07494229390289489,-0.07306532605797986
15,0.05316792398127821,-0.07216148826042373,-0.11630402438654443,0.043673359908119685,-0.006778455345859975
16,-0.01757248539195775,0.006897306684927539,-0.007013609299872346,-0.007886876197050322,-0.08612434333782627
17,0.049449593584313806,0.10211527463556702,-0.028282786535225757,0.07603321421976057,-0.011612236845308703
18,0.04782479212822317,-0.0641290270491901,-0.15678853034878043,0.08179573378813249,0.04861263450755383
19,-0.02166203829978901,-0.05840777577034002,-0.09943023406816606,-0.028083301819738348,-0.052952558219152485
20,0.03416193125927738,0.09554522554045858,0.24211535987100619,0.06439867549244256,0.08427968675760619
21,0.030174777328762992,0.062426095800616505,0.031146290661716876,0.06969401755540684,-0.031384526253462386
22,-0.06551175060296129,-0.03051999062663367,-0.04737023954385476,-0.06203134370571392,-0.08303931734651637
23,0.048808248044493574,-0.05148377057330184,0.00388135261204604,-0.08478738208674697,0.07141344912765435
24,0.03540833709630458,0.008411360502844828,0.0039008101958439567,-0.03299269466678902,0.0885207051112692
25,-0.04451403626090425,0.015387584971068053,0.04056909737522492,0.10767655428912667,-0.08291279493197824
26,0.03680107627009157,0.06801091840933987,0.03552613830881256,-0.011495910369306344,0.02856261068643406
27,-0.07401797430815789,0.040120942286284586,-0.026400579853027607,-0.06732805367557922,-0.12942374710187265
28,0.09338506188392995,0.08600735685813793,-0.010165359465771559,-0.04044326380809998,0.09009782695822358
29,0.015083427647335546,-0.040540227020155056,-0.03504407147572708,0.014213866561296869,-0.07143680888500946
30,-0.014412345333621924,-0.03024165399790197,-0.09263146997812083,0.09719424534180107,-0.07712369192344695
31,0.08966804994255358,0.054299653283737315,0.0786765746050204,-3.63556880609156e-05,0.16458893115678183
32,0.059092287300611,0.028212234241284936,-0.04385317250209159,-0.0032011623120603936,0.07318432057331811
33,-0.0953875474222452,-0.023535160979930105,-0.0839324138934267,0.07128436223270493,-0.14291527150464167
34,-0.03609130118724291,-0.061820910568172745,0.05797385951751152,-0.025115756686960422,0.02212631755411653
35,0.02887533257956152,-0.003787379605403089,0.05898446163695806,-0.08521866539175352,0.09453344337772208
36,-0.03725874547988233,-0.016946352115393956,0.018903026231630406,0.0700979649142266,0.05068432633530234
37,-0.017997558708402583,-0.029199490577926774,0.007694639313288324,-0.0806049352999856,0.02539568151629779
38,0.046918266879788284,0.016398752632590545,-0.06849600131394136,0.010592560227650247,0.007311724213246912
39,-0.038130701252278555,0.0782424073098001,0.0973930067402111,0.029282072792750885,-0.028040802965529053
40,-0.049458400913758596,0.014068942193113098,0.0031166838670740396,0.01696354334270715,-0.007878052516881312
41,0.0851153611060874,-0.05226200396961566,-0.06727492853230006,0.07381930081203951,0.08099114977776352
42,0.004274158108042614,0.018533823563916377,0.04648043194016468,0.029526398394953576,0.02917276255139588
43,-0.04064225227054883,-0.0003719986303308137,-0.0620532401105047,-0.08416491278462081,-0.0823954117755069
44,-0.06838908115220348,-0.06037812369449834,0.02038790574543079,0.04272898906219401,-0.0559193610908868
45,-0.07751835704147166,-0.011792916725988435,0.018017810935614234,-0.02422669070076138,-0.11364262213640922
46,0.049726018578533294,-0.05047550105682365,-0.12444258193495775,0.040885161555969066,-0.0025912149151777197
47,0.08250286412800674,-0.03824484376567634,-0.03649980196575678,-0.05530658815509373,0.09845176291320919
48,-0.03545355927215637,0.07754534832662821,0.0501857037179724,-0.05546712882274067,-0.02401742628118847
49,0.05326410725588198,0.099185196855792,0.07159410730942097,0.010330160043038316,0.020055168340578453
50,0.004146942093759454,0.03541881828435775,0.00532771809003268,-0.027138957658531727,-0.019815958115029952
51,0.05460085722013537,0.06307436509554211,0.05324955363733369,-0.04698099300679135,0.14261824062710085
52,0.0016113156791045303,-0.029729126116736396,-0.14908541120860397,-0.08889964338192825,-0.036886971687606844
53,-0.058344443876362666,-0.07994437224009358,-0.2392884929943151,-0.04294788180756133,-0.12124139611621113
54,-0.050064065553654925,0.034387336577427444,-0.009799532705573237,0.017037676091362183,-0.07962597097822349
55,-0.04523467685139446,-0.04032201923446565,0.10103485584059327,-0.02697795837974419,0.029004786327976775
56,-0.061389114676971106,-0.03595985522500415,0.006660517680155131,-0.07034867895292382,-0.0014212274555833043
57,-0.0255811344051883,0.05111264211708217,0.041250247118399405,0.032694007859188544,-0.11926222689042072
58,0.07412393017868717,0.005896679837638391,0.07434670895441053,-0.09499588717840832,0.12055558374994021
59,0.07505719254338102,0.09417842532839052,0.016853130387171674,0.0819681707001031,-0.019410468858418767
60,-0.02369023117019982,0.08365124232054764,0.23708498922663657,0.03029485936503327,0.043871596508163385
61,-0.007414263505422203,0.013612333333015505,0.023940655175890044,-0.047169740082311666,-0.07873127163190077
62,-0.058064746646720816,0.10483562605734806,0.03418096625156055,0.07411202312349989,-0.09371782892239086
63,0.015197783428912892,0.08042831428832287,0.14769531841789824,0.04349638118521196,0.02289051181159917
64,0.07368515895693176,-0.013853742499131367,0.0880397633287768,0.02857903525847843,0.13615262496061825
65,0.07630445278287781,-0.06151749001584033,0.1188276191448243,0.06704288165394322,0.1569186437862343
66,-0.04155373277115751,0.07019670981029329,0.07136662345280685,-0.049436915969891686,-0.0627587283449225
67,-0.08076761208901762,-0.09166773876080088,-0.19616586415292625,0.04010353901443105,-0.14688557190234725
68,-0.09833441846009977,0.12201041207073368,0.11689937385353184,0.11168475600842731,-0.08983337249867465
69,0.030704035592815117,0.0024095761748266185,0.07759351056877169,-0.10160457274041894,0.06698519704890102
70,-0.0643596207084153,-0.04973399069386387,-0.036149349958106175,-0.01030837224431937,-0.042702198983830375
71,0.046692205082220745,-0.08131791067973528,-0.06656922840292899,0.003602803544900144,-0.03552259853606895
72,-0.03909324045961831,0.027162167313056824,-0.004852944117262552,0.09157036019804575,-0.04746817256890478
73,0.07579611272251499,-0.11699657777777447,-0.13105416939149714,-0.11206224889359981,0.014253116631208256
74,0.0892430130179087,-0.009285684928047704,-0.12783904378712094,-0.03942155003914639,0.05510457307914687
75,-0.0003336969982633109,0.009440414204893308,-0.04697998578516093,-0.09865637680293857,-0.05371297345901146
76,0.024806021637129017,0.023288524251510442,-0.0014526218645215874,-0.006808481809560047,-0.028745714438417152
77,-0.015990123893032473,0.020626389474099366,0.12753611265976392,0.05435857199431522,0.07203817439578208
78,-0.02410392465600819,0.038480169447259495,0.11594961957698488,0.025529873057091524,0.016866180479751944
79,0.09118615796483745,0.09957578123116562,0.2078963714524817,0.055852297958595004,0.14505962406600825
80,-0.08982281110510715,-0.05343302989585397,-0.15861863530818462,0.056349068924664056,-0.17208842707692765
81,-0.0035524550294764538,-0.0339268283653904,-0.1588334220892825,-0.09774605352462262,-0.039077299136409484
82,0.04385277796861897,0.019694031279225616,-0.013413953248027528,0.022494144718593123,0.07151911826720206
83,-0.03826330481368865,0.12353514870968137,0.15545713820957194,0.10712316326566212,0.04204784171608257
84,-0.07726246931418618,-0.009975804129807852,-0.08212434401830326,-0.019125888805502634,-0.12309972370588826
85,0.07136056870800477,0.03473249265687493,0.0847707707905977,0.02573042424861858,0.11211062300716021
86,-0.0884403288409144,-0.08785468475910885,-0.018152851580172324,-0.04930537506047873,-0.0670076932199579
87,0.06984084327875986,0.09180532579687141,0.08191322390404573,0.022655782437515273,0.09463853348395132
88,-0.09187774840415018,0.058247450038237975,-0.02214607806569438,0.02556969508999899,-0.18827490833438212
89,-0.08160967949303857,0.03213792542869808,-0.045515457942001444,-0.03418144077358426,-0.06878882799127181
90,-0.02602348078224519,-0.04719498631823009,-0.03412316654826341,0.10182197755644701,0.013187579377169509
91,-0.043671481221737835,0.09459133868472522,0.1283425335619481,0.05212425977868616,-0.01813621174428002
92,-0.020991522855415435,0.09527570635524255,0.06019938123807529,-0.006541504673744615,0.02705040322670416
93,-0.07717573031070986,-0.029822883793737737,-0.11430065386797808,0.05628024624025385,-0.10777035579260485
94,0.07118446771522198,0.10395097304975544,0.1009209505641103,0.08482544487310238,0.10672422237859992
95,-0.07801479411624967,-0.03887606758200002,-0.15220100604290598,0.09579713150267741,-0.1191670349023298
96,0.01580995909084044,-0.017030519488329038,-0.06905398632631751,0.0464598016123596,0.005167161438700616
97,0.00028515953235412893,-0.03386965529267833,-0.03884414573920836,0.08523206700917002,-0.059314577055865805
98,0.05856801611571641,-0.014068197763734282,0.07570779041880578,0.07683415370895874,0.13384428035447282
99,0.06396179949816072,0.03619759523885514,0.11891106074236198,0.04016176829433228,0.14598898795285128
100,0.024664810023739173,-0.03491880025932077,-0.014387815394259346,-0.07164395285365235,0.10985230055140348
101,0.07686395643713353,0.09179007871261394,0.17207327173725412,-0.03521253636125489,0.07780955415477567
102,-0.05145308696250266,0.06179110131436784,0.056955339319532235,-0.07714327039300459,-0.012449558444360048
103,-0.05785882484977667,0.008773769841236505,0.08726008601867313,-0.05594099330931372,-0.037250767689620504
104,0.047555681467382385,-0.045757998277071346,0.08577741199887656,-0.09403573257677905,0.0953875919239052
105,-0.08086616533995855,-0.05529237282422919,0.014972799875231424,0.057891114873036914,-0.0890124185452826
106,-0.004739775629852039,-0.08577375626383296,-0.18920412821627103,0.0340546687034884,-0.013562994802053797
107,-0.001742832221430435,-0.08826447230179743,-0.027470050340300964,0.002996123183755823,-0.006903522730340915
108,-0.01727761386199458,0.06664226859849355,0.1891903876343996,0.050649944144561726,0.07523401880985983
109,-0.06350883970400185,0.08153213820603618,0.21924095569567065,0.06691628727564103,0.022845794241150227
110,-0.016721964714383742,0.03378051284510199,0.1210962297569424,0.05882369681951658,0.01766913838289385
111,-0.03447875281324706,-0.0919049843301672,-0.09600066376046991,0.02104126759264926,-0.04606228245872689
112,0.006386307734517472,0.024295476369973857,0.03812988324138676,0.0778620958879689,0.0239289348843665
113,0.029309709063066937,-0.020574399104114113,-0.006837828643309396,0.00282393336282007,-0.005299079674568153
114,0.07678846629541494,0.08474830920699421,-0.02445782303449029,-0.03465567109622037,0.024585115017285525
115,0.02743544056068046,0.03483474052718055,-0.011655027809531024,0.09370584670674859,-0.03808173388232418
116,-0.030896124659200865,0.10746966536908761,0.1488311313424497,0.05014312465398903,-0.08209152086637497
117,-0.06081117056198711,0.049837367237415595,0.021912548130184756,0.10742448369907949,-0.01240074714938625
118,-0.06292137759932014,-0.04046450815471135,-0.0403655735230197,-0.05005957157560251,-0.15644376938348717
119,0.028867343490310948,-0.0920535327361729,-0.036288623513276067,-0.05948903799898944,0.05895744958476971
120,-0.07339685927786925,-0.033163294986449925,-0.09842129373026258,0.11178524458483292,-0.11987578474071778
121,0.01787569725114433,0.03633847330194923,0.046076512312661785,0.056678755048966384,0.09277951425040563
122,-0.012297372587364986,-0.0002573419539180326,-0.05223953674618938,-0.07501317621743787,-0.04512762206745505
123,-0.016750407770359077,0.03624132045909201,-0.019798465258320262,0.0535371253121235,-0.010146400742228077
124,-0.00864892268729125,-0.009881907941995411,0.020971138408307288,0.07887894246293486,0.0035311857055302844
125,-0.08836509038319562,-0.08609818178915045,-0.09502098137644363,-0.05876956102181735,-0.10503654116932444
126,-0.039962228667394545,0.08668034084000718,0.012547009205567691,0.052960598642206244,-0.0988930509501386
127,0.036263066976730894,0.009472826374192281,-0.07174900419179199,0.07216834759475223,0.0007867701742786254
128,0.06587232877491415,-0.09353112711875905,-0.017682133992265828,-0.0017961360039826253,0.048703173393598975
129,0.013806361835562343,-0.07439626580569784,-0.07373594092790295,0.034511715771598964,-0.05512278126099171
130,0.03781817982423446,-0.07480833930110807,-0.05035481097543479,0.00886601201278297,0.03439262838753976
131,-0.07261623191475766,0.03395145105841584,0.08223921710268832,-0.053759114826662964,-0.03057894509939195
132,0.05434183408377218,0.11623719572922978,0.03335953002607106,0.06843522078916849,0.06252896040570813
133,-0.08842789687885935,-0.058499939331143336,-0.042359961353490454,0.008423648430984986,-0.10844811597976414
134,0.017511353471519886,-0.06189987832401887,-0.04947838067993653,-0.026537507510591817,-0.017597246056204857
135,0.08066549092839587,-0.058793196196203254,0.0281589262647522,-0.05952252109762017,0.12141253768752333
136,0.005471073593277188,-0.04706021654555102,0.024877240971658866,-0.0855345818886956,0.06980520950778472
137,-0.0559030258747592,0.012525490599460228,0.04405344302538841,0.03903266907886628,-0.11281466887237737
138,-0.09260621867917583,-0.0657276092878919,0.050558958938888995,-0.07013989807364793,-0.051993716102501024
139,-0.014966830495638784,-0.0474632109155799,-0.012555230367968795,0.020736569264357324,-0.06142180745630274
140,-0.07274416119794964,0.0036614737006670263,0.026708855382200372,0.11374369366619133,-0.010780812785352936
141,-0.08802044772875334,-0.09807819659905911,-0.2551642004203224,-0.03573278389522744,-0.15535274921493533
142,0.07490279162747156,0.023703091976313567,0.1896684690380217,0.03483218587682788,0.1647108087105461
143,-0.08501800388911718,-0.027733412135116577,-0.05978357175084525,0.008690667493723775,-0.10041246658436043
144,0.04565513206543357,0.09708724382445151,0.15713448523240459,-0.01109318968830001,0.0930599209795395
145,0.006383245547480598,-0.033780645725286926,-0.08327019543456565,0.015653346570785827,-0.09068735737480385
146,-0.08236305019289054,0.01421826330090148,0.017823355809074473,-0.05160393053028228,-0.10414630516943847
147,0.02061041825401826,0.07621830301396776,0.08994629910815033,0.06392297536184473,0.0797991178488957
148,0.03205278956738766,0.007343349287451983,-0.12973140935570832,-0.0007174479352587398,-0.04855568033110011
149,0.027859608977680028,-0.002936681302491091,0.07377054102079267,0.04950352009592525,0.11063933409017643
150,0.09470271748399611,0.05921098317101883,0.11054258751222568,-0.047617913059661385,0.0654703981679621
151,0.04900706845191125,-0.006178803139883467,-0.0015167771967951327,0.003952635371065593,0.12479016428162276
152,0.006260520822512961,0.09132809279740844,0.02152784610555533,0.012300516953436669,0.02124397496631685
153,-0.014018067362900078,0.04920987999189484,0.005949721960831305,0.0561795452656744,-0.025580620882786106
154,0.08027781939166007,-0.02317778992718401,0.052533912507723594,-0.010010594870169021,0.13155321845123338
155,-0.00994999694138794,-0.037493851228092234,-0.18595473787839106,0.07736740571722804,-0.10912928274932894
156,-0.0019025856886095483,0.014026255854566117,0.026685021982007853,0.06582739606871488,4.895351339486505e-05
157,-0.08654135036455068,-0.018777047756831325,0.02282285636230949,0.02326693551694828,-0.08103847178269466
158,-0.08436768493157716,-0.08386426660275846,-0.07624087438418561,-0.03505037490249858,-0.12844699873577076
159,0.08441634664001325,0.030161146262770163,-0.13982356262730478,-0.01687756705729868,-0.004151589635739472
160,-0.06934312193210489,-0.02154476802209506,-0.03152510690170125,-0.06793832504670622,0.004116402619394069
161,0.05040364682524945,0.015426608846753799,0.05561732670069107,-0.033557192997099035,0.022095560426991224
162,0.06886518278808222,-0.012926938501135285,0.10659262907054443,-0.005966282607945244,0.11959145710818034
163,-0.07240929339036668,0.0819163657437304,0.2078460267656968,0.09902773545089862,0.025240952798384064
164,0.030023411038094406,-0.04798462421210894,-0.22608297981956943,-0.07619378876116367,-0.07052449808825684
165,0.029694887863080322,-0.01644443728970872,-0.05452966674743798,-0.04551637408821588,-0.010081466494571825
166,-0.07443534679925122,-0.09615980777173688,-0.107248035593825,0.013279791645019618,-0.1581002723308229
167,-0.0854702242348935,0.07039378642318661,-0.07182800047248747,0.023963985282778648,-0.13581998454968097
168,0.05517347514465252,-0.05075911994256632,0.0692505572459161,0.0002500524141850636,0.10401437857549144
169,0.034294183355791576,0.051720725571123005,0.022984030158697176,0.011915557510474404,0.025563003950729545
170,0.02453566536200911,0.0883294826619423,0.1412271619734754,0.0731927761336161,0.08114483859739863
171,0.03109779369629271,-0.0034480443819186676,0.1165110688707016,0.060140970412379216,0.11417566685362598
172,-0.09072965806514587,0.012367110822122256,-0.039470581904031604,0.04680263532190414,-0.0677181640329492
173,0.07786817988384787,0.036637013317045664,0.11068807739739467,-0.03300961235411816,0.0809593204561044
174,0.024794034514087418,0.004903207989314352,0.06657219743877514,-0.0691125749898187,0.011496978832236781
175,-0.08742093153238406,0.11484377329204568,0.02394800049215416,0.08793258758858088,-0.12266028530784975
176,0.0583686861525691,0.07407055381566721,-0.06863491116662106,-0.034758663722575106,0.0019290753754208634
177,0.06488025013701226,-0.061423528811892655,-0.0991843309188255,-0.11007950127442623,-0.01040819166921636
178,-0.07660092705851028,-0.05214010435457163,0.13425480536656909,-0.022500086263634058,0.015044909278779092
179,-0.09263511725787554,-0.013629871983011087,-0.0337079449226792,0.07474909780007646,-0.08301769073598654
180,-0.07492145362621064,-0.018093943545601242,0.1550986139234461,0.06619544232350966,0.01804375085774254
181,0.05362253938565971,0.014838444743669068,0.021295990295627024,-0.02129424520359169,0.048876717393244166
182,0.02515704714479854,0.013441761853890417,0.09491251289113795,-0.08057787770157473,0.07360468862566065
183,0.07920233089193661,0.05980149989295685,0.14522873296725824,0.04410163722699818,0.1381330466237617
184,0.08416757475578635,0.07018053023889408,-0.018627629478717336,-0.10977083677111324,-0.017149844379022713
185,-0.01136814763389784,-0.09077373614736668,-0.07007551763577527,-0.007688289697814982,0.06385291340036847
186,-0.013572258062761945,0.03873846230692373,0.1729722655573075,-0.05152821651904685,0.04726353160053855
187,0.024844895692025682,-0.032548171525086905,0.026819882745799845,0.003693647069841078,0.08277274228644209
188,0.03118671514455227,0.023791487222491477,0.11975131337308267,-0.0422964897880442,0.0325295883822325
189,0.017441586732267544,0.01933932976279299,0.10512177942787149,-0.03789353055332874,0.03479344152013894
190,0.04168963003275579,-0.02813071884553306,0.05755483510278494,0.026404746937685915,0.07746428654745494
191,-0.0742922553790013,-0.014170089377644801,-0.016780465841358047,-0.07354916010999156,-0.1022790494615964
192,0.06681843972728434,-0.00399140972421549,0.11995886532704278,-0.046780193951750225,0.09743697411348895
193,0.0540675619495677,-0.03556392103664311,-0.0500452059491031,0.08793339336786461,0.04338322593486123
194,0.032119870205375434,-0.059473114280368417,-0.006844679370314119,-0.08249500740524242,0.003645823879007335
195,-0.07135887467682644,0.07877443869756108,0.004692837228396543,0.020374998334394077,-0.07750345332321393
196,0.09102222041492257,0.10425316329016072,0.150046465073285,0.0671072366582654,0.15896412903646528
197,-0.04055121228338805,-0.11224087353033714,-0.07172787293440958,-0.0705506723266177,0.03527282724175171
198,-0.07828887359388677,0.0626933011051231,0.008183467383520035,0.08498043043134797,-0.08471830908894522
199,-0.06835685812567936,0.023760313433920006,0.1291393126633286,0.08995311614489283,0.027415926269667726
200,-0.08546322010775115,-0.0075046357910904145,-0.08242120224460268,0.09071739594437156,-0.08972368411875394
201,-0.01326139040175811,0.03020866724825539,0.08494530988781598,0.05357500374394524,-0.04716354687146673
202,-0.056608195668938155,0.09528299842308066,0.16497558270502477,0.09268023636523141,-0.030594673250753265
203,-0.08126523977163802,0.0484874442169083,0.20338913075285808,-0.03654602974204091,-0.013700132903817996
204,0.004538039905335478,-0.07677659980600186,-0.02806078924082714,0.07310495427068703,-0.03744754974800115
205,0.04173135554432288,0.01873419462890171,0.01572285468002159,0.07759051951177483,0.0064288297396981955
206,-0.010204249496469898,-0.0444378699358311,-0.08822915575211486,-0.0920792709420535,-0.08813283660663575
207,0.09393120143168897,0.11280754463577583,0.2101784265727031,0.07376999372839593,0.1881451969169981
208,-0.05113048778558158,0.04706756711928063,0.15606526140616028,-0.07087202333151622,0.008279802902219663
209,0.09464201902611091,0.10442011179911839,0.2006031921249723,0.008149014420130187,0.15137265662761668
210,-0.051062738303680445,0.07329645024367899,-0.05163038225836679,0.03874690503768456,-0.1415969669321545
211,-0.014323629767698987,-0.022501476177050457,0.06744635177658298,0.09243473842858303,0.08132066955543736
212,0.0008660414240773573,-0.0611112330642656,-0.0663199953746435,-0.05080514563167486,0.07042779865230663
213,0.07883502951073469,0.05412611075611348,0.08307010208406,-0.014441371785108284,0.10237801947195284
214,-0.04101917224242744,0.09513732762197086,0.11915448026150777,0.07923548820353844,-0.02902980604617594
215,0.03887117719800424,-0.02324196704741429,-0.03279849261151902,0.03452379826373266,0.07862275193010215
216,0.010067240059892103,0.08842166420256016,-0.03805177412699436,0.03388693735734698,-0.026555785192737682
217,-0.04379682572090289,-0.0481367412269311,-0.1569129045403389,-0.011714261127244933,-0.08324466116475135
218,-0.05656412310852326,-0.02675185888995287,0.1270390974723476,0.06102661614646509,0.027482716817844373
219,-0.044310149109449394,-0.040186920927958274,-0.05568341302921439,-0.09050483857432359,0.035692015150856286
220,-0.06860313925891506,0.08772618003995546,0.08343028648144561,0.025769737106512126,-0.061427507965199676
221,0.08749262544751002,-0.06954755216186494,-0.15095646365420298,0.044885234551304574,0.024832105683071204
222,-0.05080675147368052,0.05751888995578962,0.0514077859567173,-0.014795018491320798,-0.1000289100288379
223,-0.08458083953118761,0.054487634493116624,-0.12845487440706127,-0.06355199211075645,-0.17433891250932038
224,-0.038040210132750545,-0.015856031104592855,-0.14141152487309333,-0.08329407132492861,-0.0978503431057341
225,-0.051984282037113166,-0.03840886797145298,-0.13319015072711635,-0.04106597223714319,-0.14619350567021736
226,0.04529048103966293,-0.0692068271382498,-0.22366382837436619,-0.0864876758364102,-0.033720894178924994
227,0.09318098510253735,-0.030533513043172728,0.0011804949692707373,-0.05233438931191555,0.049846739770226536
228,-0.008547666883264249,0.04485628508933834,0.1241998862859715,-0.0585528496502565,0.0734574890269353
229,0.024458553312200638,-0.013613812939165948,0.0043185605943592414,0.03393040000882452,0.1131195919803168
230,0.0843365293020822,0.04666679274802085,0.05053917773677169,-0.0019777379651029423,0.09157320753048714
231,-0.022151204532050286,-0.05721863378468481,0.0488974813442698,-0.022705395777978858,0.027361899983258327
232,-0.07297391100475428,-0.004697043264216159,0.09707128101013059,-0.00873525398596344,-0.04445026214103806
233,-0.055984479787754386,0.05571183163701005,-0.01207309465469299,0.021477750518608778,-0.09168730609718795
234,-0.02724794874219181,-0.06644095483412668,-0.12447822782749732,0.01003650296882372,-0.10958205509749158
235,0.0565885054033118,0.04965473288210319,-0.08419123684847918,0.03543681334024878,0.0069774349127940186
236,-0.06547073804247576,-0.031012303262942995,0.02069529836412444,-0.07923637327051498,-0.025383931103189823
237,0.010637043512759271,-0.07687605482736572,-0.0013548216767159445,0.01578670590658935,0.07254626292007652
238,-0.03279541449986683,-0.040535439881533214,-0.10181790378710968,-0.015425568334911667,-0.0024385509084332256
239,-0.03778686114869559,-0.05480239612912691,-0.10564314915213369,0.06778646885889292,0.001054292935056718
240,-0.04875584265050348,-0.056098280221428244,-0.10325553060806365,-0.023809214279178648,-0.07628307938695313
241,0.047737832686746966,0.045692792713782876,0.00862496971692861,-0.073980198364601,0.04371293145374747
242,0.03533212854111045,-0.034272207363934624,-0.11087433546287809,-0.00044386095519746097,-0.04403512849375593
243,0.00592960007089578,-0.08170023076808698,-0.1357176657218151,-0.023036394865831842,-0.07354610952848228
244,0.08446611454665409,0.10236139126739233,0.17053923115841468,0.039325378059601936,0.13924529254682982
245,0.03498704532320523,0.010161773742112684,-0.042148740538607586,0.03931265672492888,-0.030411267778028134
246,-0.026923260939151497,-0.021108497091367442,-0.06768688944314574,0.04626941203335981,-0.11309392007189137
247,-0.05944169072801835,-0.09963703808166274,-0.18236561737662105,-0.013616529119868338,-0.1128865761558387
248,-0.06759734866059586,-0.04643163292343168,-0.0585595745626257,0.09100712020304695,-0.046750484585232635
249,-0.03542904718468474,-0.06813775044431641,-0.06214225456200659,0.04535089158567739,-0.04406499278329344
250,-0.05450518550642023,-0.042662511251004565,-0.05143652582080113,0.02241104464877238,0.006323124454871792
251,-0.0863505420738468,-0.04842454406967224,-0.19018081926280658,0.08294135107481065,-0.18318849621890904
252,-0.0028333987276665477,0.05674967758866439,0.12086097351801411,-0.05699805036277805,0.07391555463229575
253,0.08719608662046299,0.02709306157524325,0.0438937401221307,-0.0669869396788086,0.11541732668277671
254,0.023723880974315104,0.0327518654398244,-0.021360485979103127,0.0013215291833870548,-0.03195084698492185
255,-0.05262567223606201,0.009028511117218604,0.12707361472740872,0.09307582743548473,0.047330967301818676
256,0.02308480700510005,-0.06372570525308434,-0.10546543900525268,0.08797535453444384,0.0009369354690175469
257,-0.018026222472784605,0.01670459552194624,0.11598469493158155,0.05332357981886095,-0.01716615277419482
258,0.03398984301684118,-0.0881956698476481,-0.14690861443579162,-0.08484634163187274,-0.059868795352606426
259,0.041156071808470585,0.05854445457181473,0.08773020897457527,0.05268709982011154,0.009889640279145608
260,-0.03000146503115049,-0.01388077861840252,0.07371215353105987,0.0891550545247907,0.05880235248961024
261,-0.04178413320655219,-0.04163314475511762,0.0699052145105089,-0.05457607391115186,-0.022060607685825732
262,0.07951840002059457,-0.0034156162758462345,-0.11946949961921972,0.024293687898114577,0.0378020759070071
263,-0.04934390533298412,0.0661514652806679,0.1388510341389237,0.010840161912525487,0.019831181557575482
264,-0.05680581382912664,-0.09100433159220876,-0.16627323111226958,-0.03401737007601105,-0.06742743191984188
265,-0.09660141826732967,-0.046160268116804834,-0.09668534351902489,-0.02946670994650561,-0.16035632481855988
266,0.03515808874086408,-0.08157332350043937,-0.05367053793522142,-0.06732997586693,0.04773031289329266
267,-0.06655200555068629,-0.07194707888706829,-0.07750968668947919,0.003956595932606185,-0.09663805184367114
268,0.01948315192583996,0.031541805554646814,0.08405078403072382,-0.09153805278747458,0.07222263327692438
269,-0.02716208336281041,-0.017335703839804324,-0.11551959938951314,-0.01667852007809192,-0.08877404428454853
270,-0.09688450488236991,-0.059704108656659274,-0.03392368762122433,0.07049529973134096,-0.11273458202792552
271,-0.017499647371306295,0.10954496355456485,0.16261217347892648,0.052225465093009564,0.031711905120355766
272,0.08619701611208358,-0.06892725044336032,-0.026302622263529158,-0.05748211896773801,0.14006203618939542
273,0.0900415615596849,0.05366892336581891,0.09860759314167515,-0.11801992622631761,0.11488590050717366
274,0.05402402378667166,0.07767888197282222,0.032388957052675846,-0.04246568065712298,0.09079836218692813
275,0.03466815158753716,0.11672323174211967,0.05619222090066231,0.07924810357513813,0.07109419202588457
276,-0.08317869290517155,-0.0507035332674203,-0.012972942234102697,0.09178851684117631,-0.01443522865962242
277,-0.09594309316764199,-0.00152407987325354,-0.06746504998867774,-0.053779814154100145,-0.07530872957349116
278,0.05181661314593542,0.00962192995897334,0.0889110245882536,0.028818893467679036,0.05758524762861504
279,-0.04289447346786399,0.08437065929455956,0.1882208233844238,0.0026554703865927128,-0.010956063845211968
280,0.024601426798253168,0.03648329004315112,0.09729144583585683,-0.013093100379498249,0.018888555253088468
281,0.0886105865413343,-0.0035156847073101963,0.040451168145550914,0.0052161045251091255,0.06168766662599172
282,0.07419319932421463,-0.09906999205344993,-0.11794747063965122,-0.05582788718865827,0.06510692822122732
283,0.030304965414025054,-0.0938886388829942,-0.09239471068971894,-0.10040153340138817,0.02731986625877103
284,-0.02616644359385494,0.06511019826505053,0.10104347697855587,-6.717825152600335e-05,0.010828226508063758
285,-0.060635796960958846,-0.10782543961392227,-0.15135272238352204,-0.06377337154370971,-0.040598494428431324
286,-0.015251527726053494,0.02233361078728544,0.14969237643871938,-0.004071321281090475,0.08114852711284049
287,-0.04501738553087247,-0.02042633746580416,-0.011752960953383962,-0.034068084252020084,0.04569313086944453
288,-0.04773226150864396,-0.05623911869134143,0.003708899278398438,0.06262517644121596,-0.024198123601384507
289,0.006171185775054578,0.026479295702053277,-0.08827210499832797,0.03010711109671057,-0.013414396319992083
290,0.0791150151615359,-0.09263112623630057,-0.2056862759558548,-0.03053814001687407,-0.012498813584508314
291,0.030154912898745702,-0.010282604986702398,-0.12171812734647716,-0.08674572899884828,0.015203298207904632
292,0.08143159827449722,-0.11165879475117446,0.004496289677347984,-0.1101845440728292,0.13344773057055775
293,0.00015934874953213996,0.05838464583579933,0.024691702297480106,0.09482056241206706,0.0544702086658313
294,-0.0881581140361685,-0.06490396543116943,-0.007307258439447073,-0.05496674412005295,-0.09326359897079933
295,-0.06018434290566865,0.04749136880667332,-0.09032172962912496,-0.08678645357928638,-0.1050496007043214
296,0.04510001555600982,0.02145420750108612,-0.0685624314333759,0.04262071951446603,0.00020277739084866714
297,0.007306024798703259,0.01789405531332615,-0.03292891900901533,-0.01911442855836999,0.01640050549721937
298,-0.03672023956819683,-0.0001763552174571803,0.029337357966968444,-0.06877975573451135,-0.01170891665409676
299,-0.055499674866335606,0.0727704336243335,0.06343024576843288,0.10097889806028808,-0.0013579202358412895
300,0.02673257059799219,0.021282477601137616,0.04981630411650362,0.06645777480337113,0.09667014704407653
301,0.014973099605170681,0.04992864621605407,-0.059339378367139796,0.09531841249146537,-0.027425274583619107
302,-0.09974645747292957,-0.08337726244511157,-0.011771031264493897,0.05127811463347719,-0.03060691362439749
303,-0.09021803154088824,-0.06116209438847878,0.10773313883489949,-0.06282259460986266,-0.015336568263943418
304,0.06830902533784138,0.10553941072963027,0.14263798692572754,0.021956198908757992,0.03285703831200761
305,0.05118438870006281,0.059668205098368426,0.06162400817145529,0.007619719823126845,-0.039593250036376725
306,-0.03497261021210934,-0.07700009485396878,-0.12979870604978572,0.03675635215824537,-0.12065300001954869
307,0.05720391976080801,-0.0735018120991984,-0.014354485672980928,-0.10880484372462143,0.12145348697084632
308,0.006540192578407278,0.008661653458971625,-0.04363940466708547,-0.012381056549972777,-0.08537920611227558
309,-0.03152715332383709,0.06440551596419328,0.11528464598227534,0.05691430911405789,-0.01762489566628405
310,0.035641298594531315,-0.06642797997191037,-0.09413928044503467,0.027313948717086454,-0.03393676160597075
311,0.08082583674702891,-0.0742631483699905,-0.032939212912686054,0.0705223372322344,0.07440470526159178
312,0.02605840872281271,0.08879845286692753,0.1788560406645397,0.03880121757762181,0.11241231497184323
313,0.0655303267571674,0.08630273520741884,-0.031915842994912895,-0.017299005481830044,0.034522001163097546
314,0.05450691503405672,-0.03861948613400116,-0.12312088970578323,0.07116867735143687,-0.018177008760754967
315,-0.038639515647807654,-0.03497898382645023,-0.21659526742132135,0.04138311939509737,-0.13205931435610035
316,0.07846340756473086,0.05373436509489899,-0.0012275856510526074,0.0015667203148045476,0.03324409039261268
317,-0.04817090035298777,0.009328307538753336,-0.0312132024300655,-0.007908791617575638,-0.09638673942046008
318,-0.04853703760836703,0.0878514364041392,0.08226289197470256,0.0552948322806816,0.030419006914533038
319,-0.015564422625077179,-0.09991441661499564,-0.253896437026472,-0.03727612262032202,-0.09161000679778046
320,0.037519606552416755,-0.010398993607163808,-0.021572550493410135,0.05130791284647074,0.0925814715762803
321,-0.05452549426978346,-0.06998988311306674,-0.06312207777319374,-0.041527761694046525,-0.017781160004502285
322,0.02669136496579776,0.06554901610923308,0.043628629813872374,0.002434488589469758,-0.05859124142095051
323,-0.029945394771995894,-0.06602243742026992,-0.12109955330145689,0.04079140550682332,-0.11794986763719562
324,-0.0860067647910549,0.08929829171656752,-0.01755936065668925,0.06144771272535447,-0.16179521223621884
325,-0.061058134075240036,0.007113873608701058,0.035683747349987034,-0.08593535776957374,0.027330246938536293
326,-0.09290167618883463,-0.03189155305334537,-0.08914850120338941,0.10254607120877651,-0.1605040424743367
327,0.038671422036861386,-0.0926099598564378,-0.06672118184911341,-0.010043531871806895,0.12065170069684703
328,0.08628769429781408,0.06831749651756529,-0.04475246902720014,-0.07383942704089094,0.05960896322676175
329,-0.08760222536536544,0.06947051586168002,-0.07419249102691237,-0.01419315508093898,-0.1485004058402533
330,-0.020566964555066992,0.05510227271668222,-0.008757801168058892,-0.026568218520690016,-0.08050219724380478
331,-0.059070103674161815,0.03968440263086937,-0.03310700743389139,0.05880152109565736,-0.10281269964437022
332,0.07063565644736172,0.03978163804187983,-0.10204086530940273,-0.03855466392699198,-0.00904550159119405
333,-0.08707070072771528,0.037215086383297444,0.0015509033898335675,0.11630506192932426,-0.08747433420170105
334,-0.016519613317732353,-0.10690879444982546,-0.21668334667377626,-0.02958430137398024,-0.08324518379293623
335,-0.06840562554128364,-0.0044734214356816175,0.0776130291456966,0.022272991118290508,-0.018410364057148243
336,0.07421941275598769,0.08003923190791185,-0.010482426934506291,0.06057625758319121,0.0032291303724645143
337,-0.030433709998967287,-0.018399923850679803,-0.15150890624312885,0.03558721826423113,-0.10188918921865975
338,-0.035707555219417375,-0.04704134947601467,-0.11557993286195664,0.07700290150808609,-0.047779725784358795
339,-0.0710303283376033,-0.03882463213392947,0.07700943108963713,-0.021374215836110384,0.019997780881654714
340,0.012474750401466596,0.05194484745674747,0.0063933845155331875,-0.0064101914468071355,-0.08682928078165919
341,-0.06667609796718098,0.04133763034820401,-0.03158245026548514,0.009771949770784895,-0.09723266711211973
342,0.025908681865279906,-0.01568889777633786,-0.05077874987095993,0.052511722876554284,0.0823262467171435
343,-0.0794710681131837,-0.025722650138748564,0.13419963192322973,0.05366450080837553,0.007634218701616
344,0.0409821419520601,-0.09062775662512491,-0.11622358061246459,-0.047146644853281176,0.002494342378707902
345,-0.06649051322106088,0.07766683307735459,0.05569630791854345,0.05012731992223218,-0.01399709785528324
346,-0.0031364037870725173,0.01734172208991827,0.0699524254162008,0.09653614319355064,0.006211932627515323
347,-0.0026148443614034678,0.06308037959179139,0.09553703311433795,-0.035799596089458326,-0.02624017056776002
348,0.0016240216755705862,0.01739992729229008,-0.07405757368497451,-0.07053731776967552,-0.08421753033598785
349,-0.056581021130921116,0.04848267495222082,0.016308129394447122,0.06907396726484887,-0.05708278432836049
350,-0.039643726328599964,-0.06399507700367255,-0.02590249028372419,-0.018316005044984315,-0.0073234307220703815
351,-0.09434684592299525,-0.03904098444659957,0.06084163336085285,0.03826745179571455,-0.08658324141180637
352,-0.04180206616000373,0.07899798750733,0.12068119589772047,-0.05362689662996344,0.0584009970149758
353,-0.08000534886358193,-0.09647815486933531,-0.060679359001311405,-0.05737327077535402,0.013415292947882781
354,-0.06285776626789966,0.12679869005079333,0.03605144284865464,0.11245431914677165,-0.16073158185632602
355,-0.005692677603917052,0.04568949471472537,0.023552102592002203,0.005678189960518121,-0.04911278009877104
356,0.0392988349392504,-0.08475804155887547,-0.09635773115630196,-0.0843031970055666,-0.023561014052716517
357,-0.034610987928946416,-0.0330414375789212,-0.07679596543241698,0.027519196863210853,-0.09800115445228619
358,0.002998281873000175,-0.10596062840276622,-0.16601857456660743,-0.030003012144090468,-0.08969975754271794
359,-0.06902456968716375,0.06758647326988752,0.14433455207216545,0.11312239060603868,-0.008606215792599549
360,-0.07762574125916329,0.05030947982704256,-0.10806671558438699,0.07206668335591628,-0.1622021047678943
361,0.09086770285226518,0.09158507114876632,0.1782602943751258,-0.03103744199247012,0.17713596349557476
362,0.05236704273748421,0.08857569563669154,0.1697007110509904,0.07270294737534537,0.0622738179539275
363,0.035788121665936236,-0.038660699847004765,0.04883263487410282,0.005732341573929959,0.05271096988825496
364,0.06874867317352133,0.0688943528087736,-0.05903504290253188,0.04074461140448088,-0.02191393799164147
365,-0.09769334538049884,0.09077890499009142,0.08227379329281644,0.09049148838290208,-0.11681635457412406
366,-0.0780953197776798,0.060703382307176576,0.07348218974736898,-0.018916998768394463,0.020448496333376212
367,0.08671828970726148,-0.020980376019963325,-0.004342818734739171,0.0739104551478208,0.07820265137104082
368,0.05110186881616015,0.12386256721688707,0.07414577758516672,0.07386141257060513,0.028997296019606534
369,-0.06812626829485391,-0.08651221304832649,-0.1343540289834936,-0.03164859424698491,-0.1283577806354455
370,-0.09515671443994039,-0.04940088321914196,-0.035834722418274845,-0.06593353497056934,-0.16010579436370972
371,0.09246922388161016,-0.045640187043855064,-0.15109903460083404,-0.09329190334173486,-0.00758374407506443
372,-0.03521307472497908,-0.0664627711141717,0.037982998333601414,-0.05108842936130326,0.005076232513453446
373,-0.06835102733702932,-0.10152441806969967,-0.07957263091237737,-0.0638837623246099,-0.09840845778328905
374,0.09083467750326633,-0.0163830207980029,-0.09891807174853816,0.05470062534359345,0.009885953524162036
375,-0.045372512861921815,-0.0887689329361861,0.04087067277978074,0.0383086317504774,0.03773774155462735
376,-0.05022964550005247,0.08033437553909833,0.04280208660188174,0.08904455360652438,-0.045697569751538276
377,0.02776293694987955,0.06933589116898534,-0.04066811220753422,-0.0789004019101898,-0.0548532392137461
378,-0.008514506740992633,0.0507061878427858,-0.11920706921766619,0.006125212000591847,-0.08185181679283175
379,-0.006550159974697989,0.05102688054136825,0.2088935455110279,0.06557530123524981,0.06958696705588047
380,-0.058285341391177116,-0.017391175013223886,0.10228969207882385,-0.00978370425503004,-0.015445273089016796
381,-0.07558497285987356,0.02594568013612487,0.018873588379271153,-0.0024526709291859024,0.012429840872580936
382,-0.06960226964509797,0.004263051822568836,0.0955768198792917,-0.020941913939268725,-0.049163838008010746
383,-0.008440516631773743,-0.008310316498043748,-0.1263682338667793,-0.06349634391759691,-0.09047761606879894
384,-0.0128937206054617,-0.028679365650491548,-0.10499589838167489,0.07653354768374011,-0.04550399208424227
385,0.04238223073113528,-0.014511894476594922,-0.07505164505158685,-0.0917657739199013,0.02690675805416743
386,0.01681395943488535,-0.06688796293196221,-0.052397538243616086,0.08408301357134733,-0.00427864755841979
387,-0.040573250187495205,-0.1027717034033739,-0.03207401719565921,-0.08402804652109412,-0.012470090723811476
388,0.03506164369381566,-0.0699421409885308,-0.19529146422085428,0.014469433708824142,-0.04139237204397487
389,0.013348940939777032,0.09699701704799403,0.2381604966238488,-0.007855396118506358,0.07994399053855852
390,-0.04795250425930771,0.05644874565257551,0.0159576562607558,-0.06771141047087624,-0.12395573076290603
391,0.0946506306033891,-0.04832295178509662,-0.17416677359372557,0.04720150180200938,-0.0003094147476679632
392,-0.016611249233040803,-0.038387633735184945,-0.13209903806814188,-0.027933826617420533,-0.08834907946383444
393,-0.06793785312376906,-0.042043441516393894,-0.03299733291342863,0.10421979212268243,-0.13246994888787597
394,-0.07958561345879192,0.052946858635484546,0.002268396985254488,-0.03981191268531774,-0.07460284904427932
395,-0.045023657040575454,-0.026384934270152278,-0.0332387885323732,-0.03864938936859087,-0.013746838915340644
396,-0.03399612993607191,0.10073165733361686,0.24622647309373857,0.0674029550380193,0.06582691505824245
397,-0.0038141775952463598,0.0023840662625003745,-0.022766324942867663,-0.027629960501456007,0.05588292108409924
398,-0.0045788947377227275,0.05475911155842907,-0.07330893297143008,-0.0207401902784264,-0.07225008846461806
399,0.08711197942247134,0.07116355049833682,0.1845295618247047,-0.10831676629834974,0.16593434579208288
400,-0.09847925675327177,0.08095628635316648,0.11224941131267299,0.07443661008841872,-0.07086728375928214
401,0.04908176277817727,0.07200920207933968,0.07620614919482996,0.05424812154851801,0.0856332606064997
402,0.09579990579490912,0.07858736360568833,0.18501003412982134,0.02418832341603901,0.13626367365623235
403,0.02152257405257705,0.07392924273537532,0.12581327278217155,0.08905614150437823,0.07858559922587924
404,-0.09946842481329127,-0.09447741994302496,-0.16746925491622047,-0.04166377482782794,-0.17880956512686044
405,-0.09746231194132549,0.0738621371717286,0.12865084351497158,-0.028516508019875753,-0.048022621261547
406,-0.06697498222421072,-0.02496045972879293,0.035091814442676374,-4.867499183266316e-06,-0.06394204976159061
407,-0.02319878151726762,-0.004867572588972014,-0.01887431737587962,0.09430899173198448,-0.040181366399041386
408,-0.04320244874851831,0.03522280190903813,-0.007259405700775365,0.04034512721087151,-0.10396552268515857
409,0.046707978500469684,-0.026032844862189916,-0.11309249462314273,-0.0565327637764708,0.010874212279764983
410,-0.018486330436970257,0.09166766541217933,0.10994127472651095,0.023989039031655356,0.07651223790181375
411,0.08816610037324585,0.0995069075989366,0.07083241183616706,-0.00573933963074023,0.052617756353730935
412,0.016821587957113728,-0.08718743209619143,-0.039574630082786035,-0.06338897367554097,0.030306625524013153
413,-0.03343581906988396,-0.013630895868544716,0.047418830844145096,-0.06039162651552139,-0.06533483666540735
414,-0.041527163449785756,0.10136430974269237,-0.03208982777430516,0.021129527192503397,-0.133450790728598
415,-0.04026678849296592,0.011127931969776152,-0.07257902227955727,-0.06859879390564022,-0.12700306439716333
416,-0.051307850009008,0.054571340632617336,0.07496059574102261,-0.03050624196283161,0.03421909533222403
417,0.08568680325320466,0.0038714300597145965,-0.09671668702109079,-0.0910415369073008,-0.01131473054754692
418,-0.026231036766583383,0.023993187340491693,-0.04226524962515314,-0.0013428909810501094,-0.018836412692581163
419,-0.04983556747365599,0.10254675883648834,0.11459989953506604,0.07043493062659263,-0.01112607204983717
420,-0.051186018020586845,-0.03770017547248724,-0.08965607109626932,-0.08450873007467954,-0.036808384186875695
421,0.009940498595755144,-0.01710971271887126,0.011717056593807548,0.04295592312881383,0.10832231936261048
422,0.025030492447672616,-0.010354868041337322,-0.004893079921423467,-0.04491249822509231,-0.032661196071288354
423,0.06936620192421661,0.07539294134514699,0.03732802095540354,-0.018467745549565016,0.024741715806634777
424,-0.09500629076063852,-0.014612912807059127,-0.08199457060561385,-0.006509015519253817,-0.062018159682729015
425,0.06846560285949814,-0.024192933840983488,-0.03867103987781502,0.025157888608800826,-0.018119215893121807
426,-0.05223051589490551,-0.08115298150145944,-0.04757632595510708,0.02927684078042964,-0.11628864785016081
427,-0.07847806583548947,0.07537996504767067,-0.08573284394039529,-0.05825635089900337,-0.15441436793402044
428,-0.05871849960120839,0.06679594750511922,0.04436160390758852,-0.0682980508185069,-0.07276453694088612
429,0.07048825219283963,-0.04023338691069616,0.034295428739744414,-0.015874428995414375,0.09514094487812952
430,0.04647944375748343,-0.08034372085130999,0.022120862599651465,-0.029560821496609206,0.09305904458314401
431,0.04363799536939821,0.0226369859917011,0.006152926014334786,0.00722927498699265,-0.05419906483341501
432,0.046605605709154174,-0.07507805804978897,-0.10114854857186457,0.01304893189392597,-0.0010385513503101407
433,-0.09516376957117573,-0.0265221294925074,-0.004432642059896172,-0.042335492059836735,-0.021571704362738822
434,-0.041700986889400604,-0.060919928868554976,-0.12267027240590739,-0.07032737941791291,-0.0651407231908006
435,-0.05250802106852566,0.08664961562476133,0.10553802107189476,-0.03162705955640482,-0.10851195504667928
436,-0.06497086901721076,-0.042138679125820866,0.07770123991438657,0.08952493308103067,0.006513329306424856
437,0.08977709210466636,-0.07966095289635197,-0.03387662411279431,-0.09361073632446047,0.12418616861852236
438,0.0699127572390051,-0.04975043797589765,-0.05868508481494131,0.03483972144031008,0.15471629560696282
439,0.05477557786490559,0.02262553823464169,-0.07013025740962855,0.05503269342051952,-0.004133958711807217
440,0.06416984603452927,-0.06727116349808751,0.08667652351192155,-0.02108854770885043,0.15928584188716688
441,0.08751749449862115,-0.054815782551655375,0.07105028587428804,-0.08681858733293202,0.12794895754294336
442,0.09363621493000603,0.08271767932089702,0.07122798140289141,0.0012079085498531775,0.017536554600534937
443,-0.05657694115175774,-0.02972560432693594,0.055622473588340215,0.05884956843795423,0.0015604050750907539
444,-0.04445184727200158,0.04808897712879183,0.05576360291382794,-0.0901228491623625,0.009621364069898407
445,-0.09987516983325295,0.031417953627905074,0.08895323902522043,-0.060710784234599774,-0.13190176419676772
446,-0.07582589856053155,0.07424905118930321,0.1455012231137862,-0.06122420185645871,0.023237130158781885
447,0.04103614400473783,-0.046405139728722025,0.02883541250325417,-0.10081917915529388,0.13436635451080792
448,0.05804816352133302,0.11857625315847596,0.30639041752707435,0.08020491966102304,0.15543876479055013
449,-0.05055256598131633,-0.06251241140249796,-0.04656867858111466,-0.0280368255288271,-0.06373254584924137
450,-0.05467391383075755,0.06344388382838073,0.2336999104626525,-0.010511951740382375,0.03237017669886991
451,0.04261985816769263,-0.0529543169353032,0.05817985585054644,0.04136972990410101,0.1380386210806466
452,-0.0066065052349960855,0.07549537297046915,0.16261759774512508,-0.014437807483445012,0.07929496137505354
453,-0.021849730583986628,-0.00797733299266212,0.09552073474246599,-0.024388649314348174,-0.0061535134723364505
454,0.04420204209147789,-0.06551070866839066,-0.08593533742156975,-0.03488609412949909,0.07521027805557223
455,0.0413545520838208,0.034826824517815096,0.0005916083290761834,-0.10157578658961668,0.05707166978860441
456,-0.012270483813029531,-0.020777238847869185,-0.007746119813881533,-0.09301036260523414,-0.00492494061496427
457,-0.08924628452710232,-0.021054235692311858,-0.16811451496170443,0.0567304979904162,-0.18205004069766273
458,-0.06816192423948018,0.026078796182884514,-0.09726594895689228,-0.0025447313991197196,-0.13345520092421587
459,-0.08920930707472872,-0.02810692624569964,0.040929268626880136,0.10419395111220409,-0.03655888269753157
460,-0.01321705366963113,0.09089078783692642,0.02419389985377586,0.0864250456891393,-0.02022306425536747
461,0.001365726810365997,-0.021246178991668314,0.05915987748617117,-0.07194608484278385,0.06508015977738936
462,0.014121427001175314,-0.059772093034395235,0.024530045266721614,0.07323841372849718,0.08095878760490262
463,-0.041461463575614976,0.04358225913546303,0.0360213219482498,0.07671295488141185,-0.015446283823311223
464,-0.01969219433829579,-0.09397710900479894,0.001427298528605049,-0.018150263739553432,0.0381854228173705
465,-0.09779028965365269,0.060638285002921885,0.24639804506428725,0.10069487758213447,-0.007192116272983121
466,0.06738001046245456,-0.11215082521243777,-0.14722969534600333,-0.11159819668250752,0.08508940119004893
467,0.07129910406683103,0.059515150356551624,0.11182816437120566,-0.028782784597103227,0.15888988890117123
468,-0.0018915063139743672,0.11575825264694659,0.09205059962541015,0.05854864428708301,-0.07324415433275804
469,-0.04620724252343993,-0.0012685422774399713,0.06763196032344222,-0.08635638131957465,-0.03796434169078519
470,-0.004744529007625143,-0.06461338144115608,-0.04414164530296125,0.08542341929847792,-0.08546884848877122
471,-0.021562376564005017,-0.08079160139660077,-0.11356252016515637,0.03912585920265426,-0.07134140251237317
472,0.043568974475695015,-0.1008698957400059,-0.02675431364898594,-0.09578097634641902,0.1092977405101847
473,-0.0915678209959736,0.11790107138939575,0.21942556949154607,0.1060346810225576,-0.011799931231665423
474,0.06457799081763436,0.013133393129812593,-0.06288787605171123,0.01692362722041061,-0.01714838715552648
475,0.023964602800673543,-0.10789827512888675,-0.16461640858222887,-0.09459032086649337,-0.01924195069857074
476,0.09094509358608326,-0.02953335270107059,-0.011019548585392926,-0.11262780063676409,0.16500778750127915
477,0.012539359658427052,0.06510884126626434,0.17904857966993182,0.031268321622640566,0.050406141697518045
478,-0.038857958629245376,-0.06427394769680937,-0.21796318558767,-0.008626753877402056,-0.13567612597912543
479,0.06798080519996204,-0.024374246216474327,0.065211390069847,0.049115548499952935,0.07869083331740505
480,-0.021883453567372892,0.026506361005863423,0.09132568844605302,0.09658624275592326,0.013361675745979209
481,-0.06134217103437381,-0.02779440104453585,-0.13383458616526475,-0.0755670599700213,-0.07616603612521292
482,-0.06760665425224191,-0.11682446103554656,0.013889693913906626,-0.08082435058847226,-0.013397515965211361
483,0.0914219765816182,0.014796703582074222,0.03404581267126442,0.04624007481828925,0.11702796720310868
484,0.05312499098279995,0.11810708971539921,0.13693119914288276,0.08439631876100538,0.019141423701882307
485,-0.08263887635137793,-0.07103945239818434,-0.18565252032562754,-0.009531339789151952,-0.14795679073219845
486,0.08844383532872149,-0.02943457066471538,-0.13746605379985288,0.03285644000890415,0.027963401508556
487,-0.03320374611547947,-0.06101423600505279,-0.0844616352874798,-0.05870150586660346,-0.0014944096662197759
488,0.07966253407108148,-0.05335599494454546,0.04909712436492229,-0.08216322561006643,0.09339457683520024
489,-0.0364232893745045,-0.023729953685504533,0.041445735242740256,0.02865802059438895,0.0527894098650696
490,0.037921691982443995,0.009682118768203983,0.18437301195768413,0.07028364959371645,0.12157050942988651
491,-0.057852992713107246,-0.10524056537434448,-0.011026841662583553,-0.06580170244156495,0.015026295199317696
492,0.08453497413839856,-0.10021473468691895,-0.1369972321833261,-0.01848220877506253,0.006150047667739425
493,-0.06332857615944502,0.06395992810564523,0.007522610896956702,0.011622809431766409,-0.06929998956719541
494,-0.04943206015907686,-0.0027878868214769766,0.128915590649975,0.1044969171905068,0.0008405092547129622
495,-0.07215456740148461,-0.018124378347794443,-0.13447014121746262,0.09158913892157095,-0.15701705880770211
496,-0.04432051941643061,-0.07861348847642492,0.010297090231055031,0.02190853872165239,-0.04708069484607988
497,0.05168483271241345,0.07936979322851041,0.05120033365276998,0.030782995689061413,0.033859855019235885
498,-0.04356889059359242,0.035899946516346724,0.0465599608907074,0.0008851257630180381,-0.028779035960487594
499,-0.0014435531600108576,0.03342971007959361,0.1029294645036146,-0.004492190851096976,0.013699294458174544
500,-0.05030578254891454,-0.03273409521438685,-0.023902656888687004,0.021479945749580454,-0.035028824733178296
501,0.08223322834529555,-0.0032021743611797947,0.047870959331931695,-0.043920525242337735,0.03384857034164195
502,0.041202292681063214,0.002460674403594574,-0.12528285658064447,-0.0751341877759379,-0.004410183773505556
503,-0.09945899685432853,0.07190408203181119,0.08296803764893261,-0.023623148188320234,-0.1798724951761229
504,0.07497099650778316,0.03169267989825521,0.04085076810018236,-0.013528491194077459,0.1472850825361776
505,-0.012459957272533751,0.0712631531588588,-0.02818817481277334,-0.06964805224319996,-0.09376765068520987
506,0.03277121646081998,-0.06244829165445274,-0.06398311206247977,0.05674093687217442,0.11779080818971092
507,0.07699552746716337,0.10963728666929043,-0.0036827481512649862,0.02515477105558488,0.04468745927406563
508,-0.007059967467571183,-0.03774725643084783,-0.039475718538155666,-0.016864628013834544,-0.014079424264461286
509,0.03712484153455222,0.04523859131553194,0.12984514233803235,-0.07064929378328298,0.12827952285106214
510,0.012335907845251893,-0.060846003941985416,-0.2397157643997979,-0.017844724508329655,-0.08347636447572047
511,0.07536298530479502,0.07805961139107898,-0.06707356459951895,0.04402808988961843,0.027820651964752842
512,-0.07279596051672087,-0.09016404677346695,-0.15283746347552363,0.011302144857057803,-0.11830028109558488
513,-0.017474195169771,0.023856467003323306,0.09836656170995381,-0.002817573915545449,0.07250364571695819
514,0.03042307544493297,0.08345844648553298,0.1559681341280793,-0.015990575308049232,0.05214986590885202
515,-0.09593702889023215,-0.03330533271540902,-0.04716227691958466,0.1050825999273432,-0.16833958928327986
516,-0.001173619089358158,-0.028833124203177178,-0.07856435695132942,0.06503253918511588,-0.044012082844178575
517,0.0748285701514677,-0.03945170113148076,-0.008381167453082525,-0.023714828831079934,0.042447942952805934
518,-0.05373009127554518,-0.0511898742096866,-0.011672999146805276,-0.04809395059454889,0.02151231148950261
519,-0.050767296547371624,-0.06925508115217492,-0.029215129662966077,0.01185955642022988,-0.10495917511018943
520,-0.013533206578663816,0.06757103654200738,-0.005494959135442554,0.08767998692491016,-0.1106967837860222
521,0.07434050863477126,-0.07761160581229565,-0.016322412364214577,0.0167895818034685,0.08628056985389505
522,0.05414794778708241,0.01158200088040678,0.09609537404359997,-0.06197430034440757,0.08287157175603102
523,-0.028481215815748296,-0.044611034371068545,-0.017661697494114132,-0.029030126188431177,0.04640846446066843
524,-0.007355907574200505,-0.04345083052080366,-0.1261009203075681,-0.094335306239691,-0.04859365853697504
525,0.01005987283423182,-0.03860119687221575,-0.09592769925201308,0.02487135958423736,-0.0022791839788836882
526,0.013959801013529916,0.086945116237318,-0.025139854343121222,0.06158188098220839,-0.02036404966528224
527,0.09334797665685324,0.005751656755751042,-0.02279413121796669,0.05043403104184408,0.07373242941796722
528,-0.03760220962303915,-0.021480816981639214,-0.1754813800615213,0.07826249699467766,-0.12258690768372119
529,-0.0021562971703636747,-0.004385598873675352,-0.05644768850257067,0.047477090326049215,-0.07339018455413183
530,0.09403678080647933,-0.058035407756992737,0.11214875980830503,-0.03711295978740167,0.16584458303802468
531,0.05514583733349761,0.04270215748971076,-0.06200787095996825,-0.10046526762715723,0.008150645825293255
532,-0.05825253766506564,0.0741028770758651,0.07606766231749648,0.06179704157321868,-0.08661080314544654
533,0.04007511352029276,0.027260500568989883,0.03643258354189796,-0.010148521298135423,0.010939066736537877
534,-0.03650015968251204,-0.06650945909661862,-0.07609113310565513,0.10581285209014897,-0.004489058747306984
535,-0.07619682444150262,0.0787322601389179,0.018833432458236675,0.10489242099444081,-0.17119299787850628
536,-0.03042874988258213,0.021334127527254484,-0.058905745152297274,-0.04301446129808615,-0.04860995140390419
537,0.016256955622975022,-0.03230203534943114,0.10051119172032727,-0.0198620135409721,0.11557331675313014
538,0.0037708475905716245,0.05585411099550288,0.10662053283481383,-0.038159312039491196,0.06632781219378663
539,0.013601053686844833,-0.02462728032928543,-0.10286991778270153,-0.07778974284542599,-0.06037264771908957
540,-0.006849201306234343,0.021479550755887172,0.09513041295423369,-0.00262463985970431,-0.025634144212593843
541,-0.05913053601421541,-0.03052161765337377,-0.06269649554207261,-0.04209147913839391,-0.15160065059704717
542,0.08258367682785704,0.043301229045144135,0.11046103653751811,0.04523039907151449,0.17667741789721092
543,0.009516630368384904,-0.03594765249878269,-0.021345521047466204,0.03194121919398733,0.03530801243685484
544,0.03312477740388522,0.058369064437707535,0.03384990772770074,-0.06975254439349769,-0.039996587081339456
545,-0.02173007043621258,0.07660574510330313,0.07201348529502596,0.08248251016858041,-0.061243299733519066
546,-0.0017675498525794088,-0.026334160273152545,0.047006534075608335,0.019530954774238506,0.055526817910125814
547,-0.006936621715809221,-0.02238853162493619,0.06178356556142964,0.09451049957177247,0.04986410099391526
548,-0.06042802205417757,-0.10025848579479321,-0.09640436373341923,-0.06436894023201101,-0.023105070582677793
549,-0.09653298249016365,-0.00630673004113583,-0.06709012056410135,-0.01818574097928515,-0.19429379662424479
550,-0.01859591625203414,-0.06682392559916119,-0.007049105403439573,0.08384281584894858,-0.018323605225124343
551,0.08211460942422187,-0.01631002108078061,-0.01077865850497708,-0.05625009380433289,0.08352971165158145
552,-0.08846859861754802,-0.0324831381061961,-0.14106933726169868,0.09673317786669995,-0.10189321694004955
553,0.05356962023019747,-0.05510216259836864,-0.05730764514522731,-0.09748444326012347,-0.03551382244737321
554,0.04156933300995849,0.016192409648729506,-0.0026148724623392718,0.06104065784461597,0.04000605586593075
555,0.089489315679465,-0.058509969393777755,-0.16707456386647665,0.03926909586245313,0.053819773536060656
556,-0.06778093704890396,-0.043346124498632975,0.13385893946428978,-0.05066730385533602,0.018648628789367308
557,-0.09312101347057047,0.001911938886922676,0.08600118777584959,-0.07578985780677647,-0.05477166968569148
558,-0.08259542832462773,-0.055691768324686926,0.051976902289387186,0.05559325139979178,0.001341809918113765
559,0.03358071043406132,-0.024737724309801503,0.025375608617282483,-0.00019779367473570387,0.008835257595095045
560,0.006317613704772818,-0.00864786684122906,0.02539548260593444,0.06854519354836562,-0.05349547920942123
561,0.050091357914595736,0.07817387277978723,0.13077419589247055,0.03242669525278723,0.058426281951304615
562,-0.06990028981872705,-0.02322879412553177,0.02275864333310939,-0.0076650620298613255,-0.04313684209022291
563,-0.054340185796271756,0.07137452063435933,0.04964243401793693,0.023872828444070383,-0.05240741700735222
564,-0.059955308319685055,0.02807362179514281,0.07983566339518224,0.07936368395107957,-0.07804637035625625
565,-0.030142825707161404,-0.027110117047166565,0.003903148837548817,0.03237550612897303,-0.094878244839717
566,-0.07579476526832847,-0.12487332190437818,-0.10127757259180242,-0.07783859019479926,-0.06198764880830901
567,-0.0801128561784046,0.06302835195737791,0.0745430149282685,-0.038976778666874504,-0.03956659845108498
568,0.08743065112461668,0.046772788976147284,-0.0010004139838810586,-0.05939409774885168,0.001526265772720345
569,-0.025832808465932458,-0.01294670697405516,0.16672113503072605,-0.07582826960923547,0.07346279063844169
570,0.04021816729002703,0.0795178218454043,0.04920847801695849,-0.029245975093712906,0.07643119899110547
571,0.015330470879944791,0.010165527635284588,0.07839701179869536,-0.04553719229987744,0.09103498945728142
572,0.001411128287868202,-0.03890742022946378,-0.18051636936788415,-0.07920213845931376,-0.061406109195938995
573,-0.015593765628341428,-0.020982906862160915,-0.012968166465176309,-0.08795279401594916,0.007395338413135338
574,-0.05187876191972876,0.060125854456017806,0.1412113785146984,0.0032714837577254557,0.019756095288547416
575,-0.01803670177402952,0.01004097204792801,0.11107363278509852,0.08958646417311389,-0.00655089950872686
576,-0.06634821738780339,-0.01740471010984443,-0.04754496142802385,-0.08234034378861653,0.0030796651132080077
577,-0.06273955579712445,0.09573877636851577,-0.06514661540604204,0.07088732926624498,-0.14821686685417618
578,0.0013307590097277667,-0.06073245504001441,0.043268121801136455,-0.03767384925522659,0.021506366513644834
579,0.031440002982064376,0.08336256324606314,0.061509879969467135,0.08448500696128525,0.09433699307885213
580,-0.06817695058735918,0.0034467183939349646,-0.032235794519858335,0.013138623836546794,-0.12291668692805818
581,0.054610285147062634,-0.06790665353802246,-0.11588594211550712,-0.05645289598459869,0.03755723956805554
582,-0.07931570755939361,-0.01709082603436462,-0.1050871075629829,-0.08349236052178273,-0.09465876119918096
583,0.0805566122454128,0.04950659403256885,0.13402646347313485,-0.04848532491337546,0.11401068821226032
584,-0.08896036295066741,-0.015982842409134817,-0.07123204406616579,0.08476842796673906,-0.13420606929020118
585,0.07492867182800607,0.03031131583222168,0.05039405294223022,-0.06902213501754392,0.06641380734935363
586,0.009591251686701385,0.012054346448270518,-0.029720185696684095,-0.026834303283116513,-0.02116259357513111
587,0.0434742867687205,-0.016844922904712175,-0.022887448194513455,-0.0024982862909662985,0.0544087611117957
588,0.09943323787579994,0.0262066757085153,-0.03037649359565455,-0.019841192404426684,0.07506812623843748
589,-0.050422712621790614,-0.08511900956320242,-0.11190051033075724,-0.03342772877960176,-0.06994188577605706
590,0.05433421500904339,0.05427258526277108,-0.08990390101848722,-0.039714021013847765,-0.03673428030195249
591,0.0482253538972695,0.036263494316402696,-0.02583030960706518,-0.0665388341970959,0.0639061361411763
592,-0.02817864603746816,-0.08799441781625542,-0.18830553996003624,-0.08935428534816783,-0.03136000718541163
593,0.08969107862491682,-0.019605725091575227,0.009496753034126861,-0.03717901460439497,0.08630176924895734
594,-0.02609425671079755,-0.006433708906505889,-0.09397083688662033,0.0332069901919726,-0.10383157444973279
595,-0.07037688766982422,-0.05421074365511459,0.08907307767705916,-0.05192389483568825,0.019186475067365233
596,-0.04999401690526317,-0.11109228983477039,-0.05650472409781877,-0.03526417720113095,0.0010714108530904959
597,0.09789526532469782,-0.03530136968600979,0.1393118619189972,0.032716556371735296,0.18835640409710602
598,-0.024885995869665157,0.045541411679978244,0.0266630245260693,0.027139516931828245,-8.557832616037583e-05
599,-0.07459196950749884,-0.039144042631086624,-0.20288124629230853,-0.08068672343533734,-0.15144366569711692
600,0.07031476061969089,0.1050403842365509,0.14885691550414007,0.020721165524962178,0.16086057292988926
601,0.027919121001140492,-0.025437300984524562,-0.04648988491161556,-0.07079450544356077,0.10101505806786025
602,0.0122467653782528,0.009483380131548414,0.02942489614247644,0.08481669486678779,-0.06472083980643913
603,-0.07413580004634927,0.04793404589060362,0.08347573260492933,-0.008494807467827934,-0.003847291943297429
604,-0.09363894450575704,-0.04927988990636326,-0.004614954668778162,-0.0031817437563574254,-0.029714453069448817
605,0.010909888631538411,-0.029946870882188243,-0.052222186659101236,0.05599382323147503,0.06440294273611435
606,-0.006035260040897362,0.030288491145194305,-0.020132751472192997,0.0855064335644803,-0.07005299982412581
607,-0.046273957979555164,0.03100497017284267,0.12326913564314272,-0.0006653610687129084,0.0022329329437245776
608,0.06993633724716379,0.054388932508778236,0.04197068529877722,-0.028537659419387358,0.12146607192893186
609,0.03967594784484079,-0.026612655703560983,-0.17185915906018462,0.08498308067051172,-0.013604201466922775
610,-0.06778049334328543,-0.07069412548064788,-0.1555901616968679,-0.01592611466672602,-0.0852178874507195
611,0.006845563103237318,-0.08160986415807708,-0.1671584401781405,0.032562217848981896,-0.03492924622136936
612,0.09217092072870162,0.084346707124923,0.14354951013072564,-0.021191061750336696,0.14996671194651567
613,0.0058444473662898405,0.09046940983963803,-0.003248157165232732,0.06887868193235906,-0.0009385813646069323
614,-0.009500616042830368,0.05920505677122005,0.016033600137384238,-0.08245585153478098,-0.053735998080498906
615,0.01748985866912849,-0.08827963249100597,-0.22168442436472546,0.025140095199937963,-0.030486085525645898
616,-0.050218353675126864,-0.021589019092330217,0.023971365601132236,0.10558270658329866,-0.029608331169759312
617,-0.09772829262254804,-0.006479943557338771,0.017267283284146392,0.07957961631539202,-0.09053362958315223
618,0.06402576416338797,0.009492336365766824,0.04779744304732343,-0.09792809627414022,0.05820849088694191
619,-0.08662625042765595,0.002640528263672116,0.016131907972647783,0.04400547645880729,-0.05522177220233954
620,-0.05065951296256051,0.02938723643070247,0.008936964189381877,-0.02668767350094895,-0.009719193634882994
621,-0.06655824819778602,-0.0759891978041402,-0.03878342188129148,0.041340692474358766,-0.07332504788902718
622,-0.08879473107397494,-0.0554009344473456,-0.2150659241986745,-0.04817447366853646,-0.17049965537511966
623,-0.04407077262910291,0.08720427321251796,0.14031873177319004,0.018773378124086224,-0.030797636303483027
624,-0.05839010690204752,0.10036562916147715,-0.029449573131465297,0.04300825806609238,-0.14091086241160494
625,-0.005018033777895248,0.022871585295062787,-0.03472020510516478,-0.00861879034965591,-0.10425730761011123
626,0.03914002226656015,0.07901541313238075,0.23601416227557717,-0.06219121841916791,0.11549423012254709
627,0.07130986491293541,0.055808639651062635,0.05028488808856579,-0.02642714332287807,0.06419740814509808
628,-0.045151306241889545,0.09084181627592554,0.05399038140801666,0.05911613899845644,-0.025141861077069044
629,0.05695385060878447,-0.043714726385919375,-0.04583102822205048,0.06659588416045881,0.11559005443330025
630,-0.01679651599644676,-0.10500345335989619,0.0038649195220955557,-0.01438763442902684,0.007269375132631983
631,-0.09914491570494904,-0.08142907890312544,0.08808999255067328,0.07577959606721013,-0.02531973723451987
632,-0.0007037323470007406,0.06193120222220043,0.12994108524321055,-0.04172651331574162,0.06024527205844915
633,0.04937335019200944,-0.08516938851029944,-0.004964473844997319,0.017705542908107795,0.13479007208481006
634,0.00022820590084595695,0.06086739599219418,0.08589908593993803,0.0664266455387891,-0.06286837120524968
635,0.01364366740310703,0.031061874479928742,0.11687353445260795,-0.02684621389166563,0.052942217398840336
636,-0.0025593142305672337,-0.08256438959030919,-0.09317871351861054,-0.03451412843852903,0.029982759048154662
637,-0.09003507538954232,0.0016002699276931789,0.006612963895632901,0.00401020581435305,-0.16445267372113126
638,-0.04824763289385947,0.05507534090913607,0.0026406770196557294,-0.05910168606970881,0.001603315848777112
639,0.029266174748470597,0.08717483713140887,0.12934708283118418,0.06707398079479694,-0.008064914293826147
640,-0.05641210666994308,-0.06620323330597487,-0.12724905701255487,0.019196675738075045,-0.08793311863032682
641,0.017827049385487338,0.07956171972671536,0.1027394442639454,0.03911123310383208,-0.030447669417470194
642,0.08359509540039559,-0.08408086278312102,-0.008343650054263393,-0.10659117042387582,0.1770871447170173
643,0.06308555000366196,-0.0207977564431359,-0.019216113990962284,-0.04538242080670036,0.11525886123378742
644,0.09781619270872091,0.03621773897550149,0.06660124301881322,0.03017736192280393,0.02952667806680756
645,-2.3581672492056782e-05,0.022281416318454213,0.030906458148838137,0.021571251112114578,-0.014467712094628113
646,0.03328018505905426,-0.013765358459597716,0.09850403159460014,0.03361541324477422,0.04978851662147013
647,-0.018538831120524124,0.10413312714242055,0.1259950851582452,0.029100213850742233,0.0501642287290226
648,-0.006311563472470061,-0.08354937462313881,-0.1930691132662215,0.05381645110764602,-0.0228718070595991
649,-0.04611908685564597,0.09236267672842655,-0.031920171154735846,-0.0014647019137805101,-0.0808821004871729
650,-0.05778067933142461,0.03501084638511792,-0.06550759596940907,0.02540063632993301,-0.1519353844651789
651,-0.09952834499100967,0.020317982885092817,0.02062899526308077,-0.03871607419251222,-0.14400082895601393
652,0.07116822582050762,0.011181309260633918,-0.054115468330018145,0.027135046434163847,0.09066222363304327
653,-0.008458440326373507,0.07607315899180572,0.08273194614347129,0.0709696634305591,0.04773059991688081
654,-0.07028475244423708,-0.002868500446528293,0.028959079272578295,0.04130693798566447,-0.04451009946432308
655,0.0009426885709092004,0.05197822202314501,0.05758095267720626,0.050282008774541545,-0.05270935780803294
656,0.07550903904868414,-0.03197384149096331,-0.07029733972123706,0.03444740280101955,0.06768553787857366
657,-0.022262010197100193,0.03314950010611554,0.03219929071967225,-0.018950239774246334,0.026952179565178296
658,0.07511488561205415,0.06485697372140219,0.07533669766756727,-0.08105867496361134,0.14838559166601417
659,0.02644029677135571,0.048713823513480116,0.22687517582023387,-0.06617716099510938,0.11274784574055996
660,-0.02225767699621344,-0.002469347858492718,-0.18651253173787868,-0.04778687450661832,-0.1135481668762361
661,-0.07848917016306012,-0.06256305709742131,-0.037683347231434974,0.04898959274518216,-0.03392502373781085
662,0.02305015772823762,-0.009565169748610882,0.00020349894678025476,-0.07036709509792562,0.08995407396045367
663,-0.08020982214030865,-0.06389524976642727,-0.032295330963509596,-0.08137715726425224,-0.043981042429884855
664,-0.03282274324231822,-0.09878295617002406,-0.05284436029642978,-0.060259335822495326,-0.03902964968240379
665,0.056507789697427646,0.05679549719850181,0.05439898561384623,0.016200635517247746,0.09836398455035164
666,-0.06137651720628881,-0.008263049123464514,-0.05066144576091702,0.08019526794538728,-0.08467291754210879
667,0.040615512655546394,0.10186528888533848,0.13286007320057047,0.02992592314328037,0.030342148131011378
668,0.05257955236234533,0.1210319005375042,0.1228825549550244,0.06745420030373428,0.06145774047060194
669,-0.0023619548161710304,-0.0021372376322025786,-0.08023294688552002,-0.07805307087608405,-0.05737321362139328
670,-0.08494879275002008,0.09943068152731196,0.15202969280240183,0.07110091951558024,-0.12529948890421738
671,0.09621132073108461,-0.07047235927064617,-0.14471966995388225,-0.043478081190170284,0.0457853702781135
672,-0.02496465892778306,-0.08678015362226979,-0.060710913385439685,-0.03179690147624812,0.042197024940902175
673,-0.04888846618279419,-0.009814915623128624,-0.10421403277097294,-0.07849914442353212,-0.06769724020534458
674,0.07448764333492845,0.0026156994947746613,-0.04024545784169214,-0.11321319496118763,-0.0025834001188805578
675,0.020836203202256078,-0.009673455321243932,0.04891862219828981,-0.06584055101818634,0.11732564555450561
676,0.06458261360005023,0.06623414294065516,0.20329354074706635,0.07768116136275881,0.13441733107341047
677,0.08562552680716345,0.09206289944325015,0.010120781491453373,0.022345389610370445,0.053883372810685407
678,-0.04358009213108105,-0.04139428743749618,0.004175886975648829,0.061015988244295966,-0.08011723330822008
679,0.011163441822453768,-0.03844425362763078,0.0698397666049746,0.02462748134613341,0.09182375688657493
680,-0.02532071726589802,0.008924876603123012,-0.1598029572729044,0.03513629099579966,-0.10440898288662608
681,-0.06989693848264114,0.018964237800919815,0.05483891857524362,0.06988637872068401,-0.03747576417121557
682,0.05180800848958707,0.022998477421137357,-0.032692883221593194,-0.029366666124083708,0.02242000481585232
683,-0.017630043835777088,-0.05055607698265916,-0.04369082012851741,0.005504456521649067,0.058809449311954164
684,0.043943541869265794,-0.09941162974630505,0.030532033242766987,-0.0572338944613857,0.07764301735689769
685,0.0263774578518198,-0.009616367758941598,-0.018157508363246262,0.06985300049074089,-0.025981646411585096
686,-0.05840398126540689,-0.0637610110510261,-0.08216110213328323,0.032483569658188036,-0.006039369372524153
687,0.07165339226414436,0.07410264310733862,0.1273589196567091,-0.1034141997295977,0.0894546190586358
688,-0.05186624416402244,-0.04074677362193539,-0.14498033740120786,-0.010066981287377754,-0.11851166533830287
689,0.0791656303232045,-0.007768905977383955,0.03242091558157177,0.04618136105139424,0.16016758664175013
690,0.005164423978177868,-0.03277325153978447,-0.04936028335249562,-0.0953527974453208,0.008471222521791624
691,-0.03748346339519515,-0.08414458233584912,-0.18305666083126498,0.051524242838060993,-0.12589575288253801
692,0.058688979188942336,-0.04340729615940138,-0.002873441790702737,-0.05851501041771223,0.03990019522685713
693,0.09258639790250166,-0.043733315025891964,-0.07740917885189172,0.04783525997969927,-4.2470965711916e-05
694,0.09957689289690774,0.12015602906955843,0.002086650867543057,0.06697695047075106,-0.0007489445500974412
695,-0.0792419082352604,-0.0006814444176892684,-0.1444245879543804,0.0882718908084103,-0.12449898801298222
696,-0.04917997861591686,0.02317040173655614,-0.01734620999279695,-0.06637533169736357,-0.08577225206736024
697,0.02235480213752601,-0.08161551583150804,-0.09491939870634161,0.02260193872389748,0.09318292749336098
698,-0.03775756895436249,-0.03995989769552461,-0.06454015895696971,0.048551021839021324,0.0156468674483866
699,0.06468174051967104,-0.024911788427629988,-0.07227452068864568,-0.02518431620127373,0.0806887036224619
700,0.02302131652964723,0.022372132524240355,0.10728877849439808,0.06493742539995753,0.0960950942863605
701,-0.05028643440296557,0.06206317945897341,-0.0014674748442284405,0.0001172284996114395,-0.053051405051672156
702,-0.05121554290717128,-0.047029339844301396,-0.07297383585682961,-0.03996435344501224,-0.149792051781971
703,0.08153311926635341,0.0689759426785172,0.05858098663714759,0.07017984187122264,0.0345928821279156
704,0.023078169528729365,-0.046109193734567795,-0.05938571245911482,-4.795393241769849e-05,-0.008552289815464211
705,-0.03447056900984038,0.05920716137882741,0.06573576994362823,-0.005659253212970293,0.005761147176708746
706,-0.02687236371799804,0.06782523434974508,-0.001323761915759336,-0.07294755250450467,-0.0116130641516105
707,-0.022951270694684545,-0.011088997490856265,-0.019659714336681886,0.0962755163702241,-0.01930569033545798
708,0.07083672057880744,0.07014338398896476,0.055398913064732845,-0.03000726312428978,-0.00016078350027605437
709,-0.08819577044757809,-0.03481935173753942,-0.051601588537691395,0.08421722531673727,-0.11816232116538819
710,-0.04811294320638224,-0.0990820983136975,-0.0221706852642891,-0.04053253373350302,0.041023708797562085
711,-0.05261730298027992,0.04216964220005416,0.05982607839723892,0.05317321799647766,-0.05762741861793853
712,0.05477631169172577,0.053790832076650016,0.0906052340080374,-0.0628433866647238,0.07848484919072787
713,-0.023374901530074422,0.0013517827289203808,0.10394034344236366,-0.0192743749673122,0.02775731405333501
714,-0.07336833111942519,-0.11014566670981857,-0.02822057680080268,-0.06813947700551871,0.0057242120084683434
715,-0.0019944570579674805,-0.0026549325662666304,0.1412031883939053,0.027281363730578725,0.08996015138968765
716,-0.05751077038609671,-0.002323056066456615,0.030292949418963055,-0.08478257665537847,-0.04528759578784719
717,-0.02940403218519603,0.08911846365687587,0.02883106171123071,0.09795275318852377,-0.10931687769764298
718,0.08766327192823616,-0.10798479406709222,-0.16037537977933675,-0.08582528082956117,0.11212983785739888
719,-0.028555560874870368,0.08067714419971261,0.054682141467243386,0.04812924824173611,-0.007399985871025173
720,-0.0571838903018769,0.0470553349442428,0.17039648947121655,-0.050263201389954874,0.007569340819779988
721,-0.04882839343782737,0.0257613270749923,0.04503600857139477,0.024944092490541896,-0.057988084711840845
722,0.07549929405266183,0.11248117297179905,0.11880827529575545,0.08236354795842668,0.1584790676701054
723,-0.03667720614818546,0.1007503651178279,0.13069657343708554,0.02470876064571372,0.027219178987887123
724,-0.04345007184207699,0.0343188633909574,-0.0008324268244707111,0.048463741416857054,-0.04732209601058178
725,-0.014049546679661452,0.014335313702093698,0.15590508003082149,-0.016152192210948785,0.030721557934480385
726,-0.0629911555534595,-0.024162316609811704,-0.2062925414104309,0.06665086440942498,-0.14685918401137976
727,-0.006117709898252888,-0.109803302381206,0.059380443531938484,-0.04248155110706675,0.08929210838340298
728,-0.017153355217160573,0.035786272145578654,0.15834633450682117,-0.034196318647602766,0.07807778751052072
729,0.03611379390085898,-0.06274091078571514,0.009739521796660877,-0.09215259607286262,0.018062031846202184
730,0.009235385110761564,0.01431038644298447,0.06282059694041106,-0.02586736900986265,0.032336292135387246
731,0.09137257009884903,-0.025322414563695408,-0.09062942421821708,0.029485618467275147,0.12234779305110505
732,0.06645955216252189,0.07208604421485301,0.049395033927349466,-0.07570020186002746,0.027060727949218794
733,-0.05114984624113648,0.04337912659783491,0.1314374041677515,0.08461038724895825,0.0021743479384091213
734,-0.014070117250976356,-0.09926590652226207,-0.03575202583424367,-0.08878395621658985,0.0048612713789051715
735,-0.09561097374451416,-0.007749687393519987,0.018345765632878968,0.02900270427996248,-0.04434599438579272
736,0.06683691542003992,-0.0093889535815774,-0.0925603876935229,0.03584453934931947,0.016956082000464084
737,-0.019322705807311838,-0.00848817551114349,-0.0753093584657401,0.008285896491137456,-0.040523051261490334
738,0.026273802776027713,0.016537682615103338,-0.09217608905451151,0.054098513231778424,-0.06219224826944635
739,0.02093637957539134,-0.006051542853977991,0.09456676352675211,0.03308464052319369,0.07560949867432035
740,0.005602214555968899,0.06243114413692941,-0.043680816977389555,-0.016174777187776844,-0.02650061085999464
741,-0.08366381308455768,0.028448802739407655,-0.07159582063137636,0.0451140127410538,-0.1363571121016578
742,0.03027850474685727,-0.06433477250294306,-0.06983941331745754,-0.0957017825453181,0.04053068483231267
743,0.012887060797642392,0.0516967948768591,0.19439319918524878,-0.09915135051413276,0.06277586237509497
744,0.016964713906732244,0.004665659142166215,-0.027560016023572515,-0.07073847789619189,-0.023114108528928323
745,0.034700170334652336,0.0027873319490243076,-0.04494783912442903,-0.05527776611038484,0.011734659625224159
746,0.07530573139323221,-0.01893613496243848,-0.1544724238768291,-0.0570494854344889,0.030405292579615245
747,-0.09024884621943746,0.02409523201495484,-0.1051769743140942,-0.0011266861377437591,-0.16906035458941748
748,-0.024745325530424123,0.0016024842614586704,-0.16864383570664732,0.006433758018769053,-0.1004472326551906
749,0.0815314264551563,0.08515762187488715,0.057084109147674,-0.003283959825291,0.08984281360260343
750,-0.04840186933349042,0.07216785371363477,0.08136756625243854,-0.0016388120653811518,-0.011956325929324454
751,0.08187921620679757,-0.02437503486062186,-0.0880529016970893,0.06602569534182239,0.1084714566363207
752,-0.07395983140018532,0.05750487845486232,0.04807676021870176,0.02386857109343108,-0.047323850303395025
753,-0.044611439123980336,-0.08601891065229599,-0.13138549126563373,0.03749022502182195,-0.07669518075761819
754,0.05439920291995535,-0.07232998488000225,-0.03944602191396795,0.0037350302085350055,0.07361711974471377
755,-0.024658988673701133,0.003463057028504378,0.014479833677928225,-0.02625512568489541,-0.10922158075529834
756,-0.009151365595061267,-0.10843987025053771,-0.07154002182350153,-0.04334747626543949,0.07900114386021456
757,0.09558553931482441,-0.04258610696051814,0.13879317064970237,0.009990839649155713,0.1907734358920721
758,0.05758110126094407,-0.11908149106351945,-0.06154621178163329,-0.11076599629195756,0.1456010626190924
759,-0.01652920719359916,-0.00841717918895336,-0.10381126255829827,0.000900759522439178,-0.11229439449506654
760,0.047271565113137105,-0.058515031131213854,0.10314690460376896,-0.055484766316009966,0.1106287127192764
761,0.09802009936059682,-0.05367486615394322,0.0408656630509929,-0.11078784843199785,0.18800930611161654
762,-0.08353061084869691,-0.04127177741995112,-0.13280825960949622,-0.03718427566968999,-0.13262873914538395
763,0.08650797047096803,0.01567032424238776,0.013893899285421556,0.026473938816774213,0.14057820626235049
764,0.08059312442327274,0.09154193012789272,0.2416749421795823,0.01173522312274011,0.1735434414199497
765,0.08711747083608506,-0.04440394402994638,-0.08566283274852513,-0.07571630269399518,0.12799146282840734
766,-0.06565253656587626,0.039341670453159776,-0.07424667711299629,0.045541791601920095,-0.11916740617779062
767,-0.09882758355713246,-0.037511354780273044,-0.04353434913205767,-0.05126364652730758,-0.19108900253621247
768,-0.06792782737193752,0.002747286998807587,0.05070113358323866,0.09905688578528919,-0.0384793810892729
769,0.09144140889043612,0.001825883798140024,0.05451883051174243,0.006883515750625412,0.13199304951909807
770,-0.017143538415652148,0.05004799000953976,-0.060348465249314344,0.07969069901409287,-0.08675578958498098
771,0.01543659636695065,0.059162073801782754,0.10860927846469773,-0.06779664791575953,0.09811304142060405
772,-0.04590254640260294,-0.019934536204022545,0.007169812675620613,-0.038442365674046255,0.01448659636349929
773,-0.04806125129308281,0.07004637220391888,0.11905595961767333,-0.016827818251794992,-0.08266147481606276
774,0.08802736949683974,-0.014677224419268674,-0.024982465174004514,0.07539181684211814,0.1476625932210453
775,-0.04820576346327659,0.06866666585700593,-0.027297021971464212,0.06121921972933228,-0.05674015952705495
776,0.0775637456893592,0.0716025067463492,-0.0605317556200116,-0.03415539611533695,0.005327662469162761
777,-0.06065920836164343,-0.05033766750604443,0.010856954210336542,-0.07982202226091768,-0.030657051970693627
778,-0.07238286544741034,0.015536232653586135,0.10300428369715664,0.016593535102529627,-0.020763236306329078
779,-0.07539218148582949,-0.03786418829355881,-0.035912049674312815,-0.08252733163433165,-0.0017231993226109743
780,-0.06723912656576943,0.045398553092658986,-0.07885067762103262,0.036413705088545745,-0.13897939172642937
781,-0.01876817240897939,0.050075177146532715,-0.01854979029024101,0.08343647346243746,-0.008698064123868853
782,-0.01727207640380255,-0.0753239109814001,-0.12337601073831636,0.0727497684777714,-0.02294844560760605
783,-0.025768287609710196,0.037320778924219464,0.07042830924178027,-0.06989312805085045,-0.08464613003377633
784,-0.0652891396929622,-0.08049465757462188,-0.19039634462715177,0.0699502687028426,-0.10818470690322585
785,-0.042117000901198166,0.037956444647849974,0.03147288870961941,0.08688988560830507,-0.017171556298465153
786,0.00921866621938594,-0.010724785725625454,-0.10541511901703227,-0.035411425789454984,-0.00077867370332446
787,-0.03400310226941825,-0.01956239701476633,-0.04576879814015114,0.04859320535953849,-0.10077939346170864
788,0.04262453137488003,0.04961136299066569,0.08544925486963989,-0.016105903162239015,0.11236470903160961
789,-0.03768886189808547,0.08383470896120579,0.14407372596531,0.03379313213891395,0.018758827973978313
790,0.043839754532447976,-0.08602163825477967,-0.2481111450697948,-0.0045887920451188335,-0.05008078179083237
791,-0.02116224594901588,0.036197792033997214,-0.11093017198443257,-0.05657518650030043,-0.11802105223163219
792,0.09938296806087654,0.023151670219839385,0.048889756142352504,0.028066434554734815,0.07204367798404525
793,0.0633103337586044,-0.03084635895750604,-0.0035146409044327365,-0.07537706804958332,0.0427478948797692
794,-0.011767498912685692,-0.07227378674526742,-0.12273274984805646,0.03336680210540765,-0.016512058024339304
795,0.056109547450301306,-0.10715893402027134,-0.006448691758224573,-0.07858467508264899,0.06766022579201265
796,-0.09193212892423491,-0.0726542521024359,0.017850384735958152,-0.0685731593070947,-0.09479883666098134
797,0.05918308272376105,-0.002232300175929472,-0.04039046167212973,-0.09331243598981957,0.02705264343265107
798,-0.06531397311549228,-0.02788571470996974,-0.03349915241472911,0.10390198090264952,-0.061361473086962985
799,-0.06457814597888623,0.0163778959698734,0.042756434151047934,0.062422470997417046,-0.09351999794383517
800,0.005452672211178334,-0.057389654899687934,0.07380004770586801,0.03658910774849509,0.06260212614719309
801,0.055597451136412505,0.08902959775118009,0.22251064781130958,-0.0006165276424357664,0.13876819945740718
802,-0.04253415478675411,0.02473998750978808,-0.08419527358113862,0.05921794043545545,-0.054427125289808365
803,0.09379585080292707,0.04947454287423787,-0.017197689706250782,-0.06297631215775347,0.11656964552984983
804,0.009747059608133225,-0.06297875446939986,-0.12033336109525183,0.09055376633327225,0.04110332664777597
805,0.033686211196278064,0.0244588703220375,-0.039748466723138476,0.01679002509135996,0.05905796699019503
806,-0.07752032636798628,-0.03313617212862672,0.002132616539220769,0.029422400673083125,-0.11946998266142801
807,0.036258653034703284,0.07097922564081131,0.18681971465668817,0.090996525904575,0.05774647461732583
808,0.037985610772235126,-0.020887781149490744,-0.09127280138358725,0.06983891942946466,-0.037448029591565506
809,-0.022021005816664864,0.014328161195651388,0.19226875891728964,-0.04177240215700844,0.06166483762004107
810,0.03459323281407787,-0.0958457302575701,-0.042287905367638295,-0.0990336667751751,0.1280933652526431
811,-0.06466311345464966,-0.031017868553979776,-0.16172885446787533,-0.039591625725646194,-0.16056515740317
812,-0.018736871109434474,0.06023747605565549,0.0003291679305701088,0.03357583355344475,-0.10515876833494905
813,0.06458411588831185,-0.05247893762975534,-0.06653251970575652,0.0459032441476365,0.000437452080414652
814,0.09081117440365119,-0.03332317034418511,-0.0839275392119097,-0.07634493679928125,0.056394827620448555
815,0.04720846855032719,0.025712889156696225,0.021275705008192494,0.004192580678339497,-0.03988338527774049
816,0.03748843215921693,0.07021871349720565,0.02149740528939914,-0.06263118836868663,0.03134917893590919
817,-0.06454373018303526,-0.08490753550691554,0.0018733596656448602,0.0012589897645701714,0.0333504973964807
818,-0.08450285866684482,-0.07752332568726175,0.07915854861333203,-0.01124252313348376,0.013650985765605875
819,-0.08563417848988604,0.03574480829025051,0.01717633944887325,-0.023728028904893287,-0.09997145344841754
820,0.04152806079176115,-0.006781001201555746,-0.18171364753924307,0.06492382790784255,-0.05411590057871486
821,-0.0022866340992897527,-0.06632006320950111,-0.06938420382250765,0.07707183188711497,0.05969319020180605
822,-0.046713643789822616,-0.04538087797357744,-0.11537665256431838,0.10715937239217227,-0.029458257681422476
823,-0.03736191078943498,0.06324102222381218,0.07293530017668723,-0.0015033738428784577,-0.11045044939366852
824,0.03579853483223185,0.08309887687550861,0.24251238341257936,0.051693435909560714,0.12288749339708213
825,-0.037148293983934266,-0.06443346476128749,0.00311377039547338,-0.034610959036584704,0.04305247478328566
826,0.025139933883526467,-0.014030897636134628,0.11292386213751439,0.040116732903171054,0.08547372951898048
827,0.05674714606068885,-0.055842048958434004,-0.10014036294600841,-0.03955591068926699,0.007240656345474654
828,-0.05432581410803632,0.013824787383268613,-0.026367071564159197,-0.06866964331004913,-0.053090038434032295
829,0.03067117681481135,0.022102142668777996,0.08210662242143588,-0.08430730006117773,0.09514303832645485
830,-0.07244809952742755,0.057092324346865606,0.06034611726516899,0.09314988959259128,-0.052544591626101506
831,0.02757785449963912,-0.03864867638221231,-0.09605261889146835,0.08563891824909106,-0.03548221639678048
832,0.011073930746985795,-0.04728451553331334,-0.1972928267176295,-0.07619872508395716,-0.05364710984775581
833,0.0031258434738280273,-0.12160060140294508,-0.02492328534777679,-0.09529282468675287,0.10033408734909466
834,-0.08447728667784982,0.05936440294784866,-0.02487166825401487,-0.018244512548558415,-0.1239353361813255
835,0.06875851025260105,0.06023769412335341,-0.020471719676886494,0.04219085400681469,0.012827468774141149
836,-0.03333565019169067,-0.01260424302574478,0.12807293738820358,0.05296939401904959,0.05413926206265576
837,-0.08966969087224669,0.050054727790629694,-0.09652592911985788,0.10236276298328228,-0.18516069264050947
838,0.06320705466150799,-0.02398561800479594,0.07462961351563685,-0.008933372229187095,0.12275223683593739
839,-0.02820781639957322,-0.058850602932469506,-0.21254572770520685,0.09972717835192939,-0.08752984254940915
840,0.09739133472347182,0.11868111418207332,0.10539135686513058,0.05721468009089757,0.13164216658118852
841,-0.00029823784772731177,0.032918939706876316,-0.1488182245415347,-0.03805862209524075,-0.08759109098976967
842,0.0724168770368229,-0.018723315598040857,0.05156189998558313,0.00470659253119789,0.08380712842893835
843,0.03634128739890696,0.05143292912729691,-0.022118174270794308,0.02886171016939436,0.040340733956278074
844,0.05427373124273829,0.036033035848409084,-0.01044582788245544,-0.09585618600388349,-0.028698339117668496
845,-0.04677390863859565,0.06986395979761745,0.10630177498913945,0.07102916058829047,0.01080277655889006
846,0.05725049692407578,0.10956573764632031,-0.06604903004853445,0.043412963477203664,-0.039155550545904916
847,-0.012038944072800796,-0.05540881086529487,0.015312357570739628,0.05278607808391574,0.003890069145021255
848,0.033981236458546206,0.10740762540455642,0.11961941540542793,0.04091309019260389,0.12804341035401653
849,-0.05563194054004461,0.03639511255620265,0.07422640749558074,0.09764517760907337,-0.031406382488560064
850,-0.08051132476070284,-0.06797371511005262,-0.022885098634751244,-0.038123930294078456,-0.08097289704448678
851,-0.054548879745258086,-0.0813013940009189,-0.1458246004898069,-0.03842062724179672,-0.0660394686440295
852,0.028339085967847732,0.007788735953336668,0.06940897092030694,-0.07892087672325418,0.02611270668718549
853,0.09281046064572543,0.06393356632664718,-0.08344380178306063,-0.07687170930646373,0.005467294141821122
854,0.07572491058144198,0.05867275791912488,0.07658454467779488,-0.018573445576217,0.06126508915262258
855,0.0076759548530833666,-0.0069161770117050995,-0.08057740554384588,-0.0229580440346771,-0.0607473138809446
856,0.022412748396698337,-0.09134323650418631,-0.026953918010589932,0.018468182386294513,0.106705273424893
857,-0.03712536104520452,0.05907871919002192,-0.014015267002576614,0.06730927247304215,-0.13404025226668628
858,-0.06861996771945093,-0.05372319372024775,-0.055065367410962546,0.03364695678362848,-0.14743876890418295
859,-0.040497971768825504,-0.05432222896370645,-0.15881380148956764,0.0943767297581799,-0.06393250056879186
860,0.08945705061467413,-0.0021939027592325668,-0.08921603967296071,-0.041634331694295215,0.04128902379544184
861,-0.009441223582849446,-0.04488681153758152,-0.007061532118307866,-0.02916213369748855,0.03523942972503502
862,-0.06268175373139716,-0.030408725942854823,-0.06865591990298656,0.026540597554088018,-0.14700363466186228
863,-0.09880604911926483,-0.07007648218252363,0.03020176689323241,-0.06787411156089529,-0.03667271743970941
864,-0.04480068160540001,0.06773322280910062,-0.0024967252165717727,0.052174631941301994,-0.06922700170298415
865,0.03502494685969424,0.045182531212104034,0.16772626834740167,-0.023945774849977293,0.08135276993479729
866,-0.05611853941884817,-0.062726162514771,-0.2242352038749923,0.02301563017137004,-0.1213854076966431
867,-0.050387569180801894,0.08651531125923739,0.06643044169654512,0.08406562252158498,-0.08079677998716765
868,0.07510451402779526,-0.016788523576473667,-0.10804159602012788,0.05412706977019386,0.07015812581057869
869,-0.0021259199750348623,-0.05051893821485916,-0.1193970653709219,-0.06497573471036558,0.019396041448734788
870,0.03750635114678611,0.08440392783668763,0.15184962297760105,0.04070986372616622,0.13014082051302556
871,-0.07002029451037842,0.08622631881035811,0.07204843900488146,0.05079260280518232,-0.06457220391186622
872,-0.05539510187467803,-0.04645991975650694,0.09913330741375811,-0.05214396895287557,0.04501798472452744
873,0.07316512768214123,0.07854424250788661,-0.07831581832964485,0.06467087060301285,-0.02303849343341506
874,-0.08675439793803096,0.009557264231037066,-0.024446236235056176,-0.010363226445498044,-0.13149140078337285
875,-0.0854540078610538,0.12508873545031665,0.11428334994278991,0.11483067642828566,-0.0838125130805036
876,0.043693809066425685,0.029827810365800955,-0.05212210680409726,-0.07519074232077778,0.036446212768639755
877,0.020213210627964485,0.028520313766507762,0.043935649664682025,0.05793258141975584,0.0015789143508070924
878,-0.08230382676729274,-0.029583075925360566,-0.00544646948440539,0.08639913456219157,-0.02130910098621354
879,0.07541394122433641,0.02908129188225749,-0.09551071383844785,-0.03743624468867926,-0.016856202749336885
880,-0.07643734897151076,0.08813085188521638,0.04173648059120942,0.04245397383442047,-0.06972732616286745
881,0.06035869685995035,0.048553006101891394,-0.02366206258511177,0.0828677613220234,0.01516478962486869
882,-0.03770425941233124,-0.07204155296530261,-0.1380679024099354,0.07752112288340197,-0.004669575268546139
883,0.034534803554914076,0.019750272505186326,0.1371694790797856,0.011952823065332475,0.10580634553600245
884,-0.09869240513502914,0.08439000526705576,0.07657663653004278,-0.02826553567479627,-0.173852016346284
885,-0.05693751816624753,-0.03753660772270774,0.01026961258904862,0.039479126087591465,-0.001736587214863583
886,-0.0586085637241883,-0.03879377588840675,0.04530832292340439,0.05388786197477599,-0.027379959040510514
887,-0.019967758997142118,0.010217301337262622,0.13506396300463072,0.030091516574804834,0.05410258858037576
888,-0.006683940854320847,0.033502726503921304,0.02553775673939128,-0.03915131359876254,-0.0008139100274091203
889,-0.042403835229240384,-0.08126944216512536,-0.11262748286026075,0.07382767048924622,-0.07813338011455816
890,-0.03632851455965991,0.10518992682839978,0.1695565485121035,0.062085756921143646,0.029268031953770063
891,-0.006052543932910926,0.019704632684744712,0.1821062290936133,-0.029648036819945427,0.08166985755489965
892,0.014580119649203539,0.08274939662552522,0.1175482264441409,-0.03171971162991965,0.08775373574089815
893,0.07509383156048538,0.01765801811594483,0.04839521364041221,-0.09905378726620971,0.14917608051514003
894,-0.07519534082748361,-0.10978876523164373,-0.1487453855092206,-0.06354466054821808,-0.062631499742873
895,-0.06433594489424246,-0.0796439830018813,-0.10984723834158616,0.07850999327401309,-0.01219924220032955
896,-0.06036781638824995,-0.09566653544830299,-0.21052562263559288,-0.032981301514628095,-0.1545030446191361
897,0.003617788971297298,0.08475996423377036,0.07800062148862819,0.03842178934111627,0.009700875415471714
898,-0.07775127402367168,0.028491877472854595,0.08362194950081742,0.09477421309573458,-0.0044466299241222446
899,0.06881447222364244,-0.060233432707213895,-0.02482198978847295,0.0696417788664599,0.0479871243315228
900,-0.06468543368171258,0.06548034644131921,0.11528683884543049,-0.004689495132052905,-0.0200552507738129
901,0.00012766859350203942,-0.03632159313861749,-0.04964817860434064,0.07753434521660256,-0.016020255263143365
902,-0.018775282524214676,0.0713435294978321,-0.053304582029624306,0.06909700356817244,-0.0643547854483856
903,-0.05770306583747769,-0.05666306589814568,0.0029648562787423782,0.01780875013944009,-0.08546852791438848
904,-0.0015476931925917593,0.06520891183507486,0.014748938034059515,0.03642166737348533,-0.04684648692779089
905,0.02875423714778376,-0.06959809812557993,-0.013216481202666693,0.08841873912525666,0.07373900561721192
906,-0.06321793350837883,-0.10796072321424063,-0.18022032708375288,-0.03128874378537473,-0.13482114927854194
907,-0.014846702363124398,-0.032480103781243566,-0.011345636713694776,-0.06373401483238139,-0.06117125400999402
908,-0.092930574899165,-0.018055492930482326,-0.006228243194879274,0.10027512250411617,-0.055479741554699924
909,-0.04327895936227504,0.022911412620899956,0.06281877184854455,-0.025766498077078565,-0.010153784981284268
910,0.07927155521154315,0.04500618511671168,0.003610780818084563,-0.03905187355320788,0.00605058658996023
911,0.05317140273728425,0.10950230400648604,0.07038031913347936,0.08417971353852587,0.07918688745931779
912,-0.014686700900137219,0.04713043147828172,0.02217318799630358,-0.08713847323684763,-0.09583099813552204
913,-0.0411134320179331,0.015596764631198523,0.00708600224919409,-0.0022300989579521185,0.029832572620094963
914,-0.03911508753438844,-0.046699787174226896,-0.21738681134408183,-0.08211858880935537,-0.1167392979812544
915,-0.05957154097403816,0.03244294675990035,-0.08955900039547525,-0.07470706390541995,-0.15460039237145895
916,-0.01000559079999821,-0.07690980094033756,0.0069139507152870296,0.0352938711857489,0.05576409543633806
917,-0.08203511906932291,0.0677717301659226,-0.062058157481496484,0.012488099945402746,-0.12679753521080847
918,0.037337197704431495,-0.08351650334279588,0.07223852849709639,-0.09483871643120372,0.10976711046875895
919,-0.016982239687077884,-0.03409637624681005,0.07079261290564756,0.05739983720978246,0.06148835357097712
920,-0.04705875283680361,0.05136203233652176,-0.009130135269948094,-0.0492977687626458,-0.11766958080017395
921,0.08860593489935634,0.04799386579638719,0.05364252188338059,0.012538401763154624,0.11575461982466698
922,0.07712106720522954,-0.10341033738615715,-0.15962802926144698,-0.10516245631910179,0.0062656234201833305
923,0.04926366398208255,-0.03265151785055069,0.005046288589979065,-0.04329998643073699,0.10998265086598077
924,-0.04790551467580664,0.06077843700810766,0.077962029075969,0.04255568825989572,-0.1120551057849617
925,0.05645902586909164,0.016514022449055685,0.05806303283955695,-0.08570820664294046,0.07673993301863376
926,-0.04696560128772285,0.018640363290990582,0.0211125990877647,-0.0479226050275377,-0.07756702345807345
927,0.06788496794920199,0.10904379013643448,0.12766364571055036,0.03583618132807967,0.006713277644347232
928,0.0030822910941352036,-0.07005487587040715,-0.05372024549192537,-0.00330548298877622,0.06183763417571888
929,-0.057793611656850354,0.07375087009496684,0.06385722970540977,0.06769473602564477,-0.013840177331486861
930,-0.09986935159018172,0.07932460417279345,-0.08373502246663582,0.08535113923135283,-0.16064226652478647
931,-0.09864746802922225,0.06796194440660445,0.1298679959698098,0.012454826786422221,-0.026886479558361306
932,-0.06980013384498177,-0.05037490738869056,-0.059262254019975605,0.024429421723886888,-0.05120623763343188
933,-0.04284706502802003,0.0372347974709733,-0.07410724388613013,0.08784973758250178,-0.1164238747758587
934,-0.023789635222743577,-0.08861791966068068,-0.10112414895977687,-0.009953578834695118,-0.04940844438531357
935,-0.08355321431411018,-0.10078463086009565,-0.11480615589158943,0.014293702125341623,-0.17315070376857805
936,0.0745979792814702,0.09442091439987342,0.05603008872908765,-0.03235581816704785,-0.014727239567697309
937,-0.028637991208541626,0.04311037382418069,0.21133991007212172,-0.08668644010324054,0.044266821536007576
938,-0.09353794523440105,-0.02246399604525963,0.082193086422455,-0.04386200603481279,0.00746792594220147
939,0.05926188178583147,0.12073643718009966,0.21934011458643246,0.08497942919682842,0.12089074463841835
940,0.06823706613891277,0.007151421865334058,0.10333166417378978,-0.06828009527417266,0.11948655967272247
941,-0.042258562721698395,-0.06057223792404467,-0.0745040935561681,0.027068531269563857,-0.0003110076662193942
942,-0.002529844911486268,-0.04667283727738435,0.0298534052081343,0.08301026465422051,-0.025398139959886323
943,0.007642168645092107,-0.008020139225250529,0.08204807968950648,0.05722506679466152,0.06439400203579261
944,0.09623201360780927,-0.07301052554583422,0.008982397426869317,-0.11407152234025658,0.15753322574388534
945,-0.014106835537639051,0.009541989644492094,0.10853222075169008,0.023786134936451313,0.05083677732695415
946,-0.08047447025195487,0.049202136253059955,0.009867884847083197,0.029189012206021277,-0.13196677286807468
947,0.057020593433543446,0.016565079155655686,0.11878040919181773,-0.0019004015217659615,0.06642843837812296
948,0.007668533234206443,-0.10006114713734807,-0.048313384912352764,-0.05893533065680842,0.035193780563656546
949,0.04733031871374223,0.0395913928160131,0.12128312390247295,-0.04746743046770337,0.0631672981800545
950,0.02740559673758465,-0.030841387333867588,0.022702275001990083,-0.023708795348235313,0.04805250894846675
951,0.03818699004591719,0.048300342336859724,-0.025385091787749354,0.06311406003102349,-0.00923065018724701
952,-0.08486938303488337,-0.1000735148117358,-0.11863767238570784,-0.05419747190976341,-0.09617025307667114
953,-0.021205311087256564,0.08127228921408941,0.017621654145509792,0.05088962529152831,-0.10139555658118884
954,0.06330284715907175,0.04419265315845813,0.19393980101742295,-0.0954358859200328,0.12919769030413186
955,0.01745747851280104,0.08235402190187502,0.16062256501503125,0.04449204172750949,0.019406875488376652
956,0.04073912663394266,-0.024324541712318397,-0.04133900242920893,0.03341272992008322,-0.004754739894689157
957,-0.09264292058159705,-0.07158193348963444,-0.037251465283058505,0.023689963985523397,-0.07331384883968528
958,0.07628866833421238,-0.060847132710107506,-0.03244544889868893,-0.03235277418438158,0.01136966855478222
959,0.09776673052847618,0.017248615883577248,-0.023187400478353312,0.038574533801547586,0.11168898272178547
960,-0.027222648974603206,0.022754869381512995,0.07834538023004092,0.08186340645254712,-0.005211670807475005
961,0.060599166574231395,-0.018913170407600422,0.023603344987851466,0.0032254273078223556,0.1391603193756206
962,-0.062359306120249626,-0.005293599616032013,0.06928182715735312,-0.0018538127265998808,0.002463751214186849
963,-0.002870724083715959,0.11087957704574136,0.1975621908777515,0.07760222627862269,0.00184800183941019
964,0.023170628498130542,0.07010282426776838,0.015409735116074897,-0.10067053418484173,-0.006690123437683153
965,-0.09867262550350087,0.048796661807264274,-0.01783796661875294,-0.06361820645891009,-0.1494776565035299
966,0.008519802454597337,-0.0001993832984341186,-0.06438699764903859,-0.05911180868258576,-0.05201778243657068
967,-0.05064372066677963,-0.02186103364663404,0.03883077068901523,-0.015836920896410905,-0.08486956855048365
968,0.04629937232356514,-0.11449367933560334,-0.14959339836791735,-0.09189248619780273,0.0052340747755543066
969,0.025543824193990528,0.10131230764108967,0.09477010552725101,0.05007578766460154,0.07979243820070042
970,0.048104171692143385,0.05522511827000976,0.15260306340004853,0.006079896660402734,0.07411832447839659
971,0.08242624912984797,-0.05559614909367631,0.05982316431624667,0.05707049937709556,0.16421798825535683
972,0.07273100870076009,0.029213212268288196,0.15615494518756412,-0.08670000265195564,0.11990801630845282
973,-0.06226374166110338,0.03816524300936201,0.11384525362528392,-0.05692690508563292,-0.04217119483537987
974,0.025143396119458195,-0.07970239766514166,-0.021310184388878245,0.033616404235263554,0.07554890088529163
975,-0.0975878274321643,0.00046032697049357764,0.16912185490099113,0.022161035288473158,-0.0103518356666579
976,-0.09546594505025585,0.08941892610020352,0.0759829312411129,0.03717264564370345,-0.136359544679417
977,0.007817772934425093,0.09908494356983726,0.048601859386933254,0.05634748126856992,-0.007065640094583977
978,0.014671384304216707,-0.012606755449063381,0.1071536574347054,0.06770547929402741,0.084621627931762
979,0.07281235662693424,-0.04131460821653199,-0.1713952163628077,-0.0986477739535111,0.015550754466087703
980,0.07520187768713467,0.0059978464019189385,0.1045682878845685,-0.0238893077047041,0.12991066435120174
981,0.060834576374214994,0.08332644637464573,0.13442872533818734,0.03885276728624379,0.07612694112801642
982,-0.05879531691958169,0.0999575835004876,0.10582358632530539,0.015093533899575223,-0.11418506862227455
983,-0.08618416736951971,0.07763514102863808,0.1925563407274597,0.029164022269781972,-0.05198683116452917
984,0.07564275983537659,-0.0639482951620082,-0.1567533851013172,0.0699508135151519,-0.017027882622806675
985,-0.08117781612462092,0.014755801872294715,0.043394311879847776,0.0336070549306834,-0.012089518559444817
986,0.04418576603739082,-0.048988511263958645,-0.11884035032359913,-0.025667764285606354,-0.008318761041292727
987,-0.010679014112645914,0.07564298348651666,0.1223470483104233,0.04527845124728868,-0.05134581891292611
988,-0.07068342840007716,0.06083887199511573,0.18675376705834978,0.06374200766263503,-0.021965182850154995
989,-0.08685662449191621,0.057895679452736264,0.10368782322629096,0.001464397204775078,-0.026755068680139216
990,0.007759412925688669,-0.023671859376064294,0.06474261515989102,0.04339970624514433,0.07806717444827208
991,-0.03648244613497009,0.03543169801236835,0.10473531124286917,0.01336440368153347,-0.03331547609578184
992,0.06929534668185358,-0.06259874800765619,-0.13178990241523814,-0.03416269330870597,0.03038418154186249
993,0.00933845228310073,-0.07329300459306706,-0.08505341893430124,-0.0910329952849467,-0.01581488601781571
994,-0.07792209659564536,-0.014753363668051796,-0.07655897207692404,-0.05301701214315388,-0.10156084804264155
995,0.08091596973236022,-0.028079876524000735,-0.036813590439460586,-0.043521798027224355,0.09660554364957528
996,-0.025188890159200273,0.08209647296674241,-0.018410923219413493,0.04186290553369446,-0.123543599780494
997,0.0367002269039576,0.08829452388190837,0.1354577525965377,0.00824278786374209,0.04513767797285831
998,-0.09291083190639751,-0.007565739048811602,-0.04259374541852055,-0.026293883078285493,-0.11896876109801889
999,-0.00747667425081342,-0.046370963896296996,-0.04003714173120732,-0.030469720894078983,-0.04203625186350766
